0
2.605958122869232
2.6125120631646888
2.2386603787692705
1.737091183969677
1.8389368326879223
0.8530817266459669
0.8725834449001842
2.548419681064189
3.484175863091792
4.904409891819032
2.9357528439739418
0.6862714222070987
3.7384182109094337
3.7081428108243295
3.2400157829595995
1.2192521017104503
3.7045849356570035
3.7809382757478702
4.584328623176044
4.708296920262014
0.6542453026293429
2.504019346059841
4.788833255945241
0.6779675884155093
4.798377801417975
0.7453677754108897
4.703952190695679
1.0666541057916834
2.311268402946471
1.695276724386712
1.1138026298737569
2.8217950285121565
3.599353097143059
4.637465476281834
1.003007576094694
2.0776121309946385
0.8181166103010157
3.5318100566340136
2.671350885815432
2.0738359571318132
2.088938871095215
4.513652466019595
0.7909990794679237
1.651457817081074
2.136252630131277
2.240533069350898
1.417612185843348
4.328543073637276
2.825698493746084
4.330375077646779
2.675753267470407
4.105569623991785
3.736495662791713
0.6678433885354125
0.9265463921009954
1.7722465678359889
3.8739290967480553
1.3383096165373816
1.7212334525596658
4.257225249887198
2.4954621120916016
2.1300743245163267
1.4433125338405526
1.8156744891461247
1.5287665974307423
1.4464384447469403
1.8964605037154723
2.2771429398316463
3.9271895365256304
2.120866354060668
2.874879305848694
1.0418402557895088
4.316864041413475
1.8143120228695422
1.9134629144661106
2.2026075420177764
1.7472902828552035
2.7501187551582067
3.1856986789363466
2.404325500044911
4.008749497739246
3.8736100604865316
4.433152872621905
2.4867508047086964
4.092771620816422
2.365806389436478
2.9722342422276684
2.653424393013881
3.8725438326813775
2.2520580806815698
1.6639200779761305
3.0704967750469065
1.4752824128816087
2.728529934071007
0.663287904700152
2.2233674069524763
0.7226211878314651
4.125412454086621
1.9010614696431962
3.7339384106485483
2.3453605479063957
4.114077275263705
4.68376831352641
2.0096773828792585
1.762142524525172
3.579257130502001
1.1308668537104383
4.498580279011725
0.5075719994783495
3.459232802024195
4.364446104208592
3.442960635895347
3.3694819005725876
3.731575943721232
1.9994080604914501
1.9463492739188615
0.989723159283552
2.7613106098161806
1.315007383600111
3.857145088502448
4.875336855210622
4.772706184883814
3.1590504911423745
1.0668356791228164
3.7581820396035086
3.684251277309098
2.622364133968051
2.402905693617055
2.4389748257900123
2.6693660421227805
4.595845062091981
4.432188085244578
0.6795726754604982
2.405888554818424
2.248858193899977
1.8358254297105037
2.933243017198586
0.7019579458810834
1.815374118257946
1.4237446128907283
0.6778055692745779
2.9086914669200246
3.6216610673060257
0.7065847043719257
0.9136835036369452
3.2429340362734376
1.901615807648691
0.5151650970520707
2.012644753857319
1.6507636976815263
3.3813674278430144
2.4878648379193953
3.9564179395504997
2.0448982202876107
3.5891927691719445
3.8190445604886807
2.986942394680175
4.509335544250195
1.6798148327330498
1.1212320313785769
1.724152540400567
3.2912637174529333
3.2165898707295004
3.56331169454458
2.06630473067542
4.1247088789698685
0.5466468486657442
3.048737572132737
1.8936041160437502
1.1540905982609269
1.546541724558185
0.7446522257090371
2.8130739492115397
2.8444045247013006
2.076163452095739
1.18834931101072
0.6887882178915401
2.8860367622943444
2.09585616131625
3.3469415346806373
2.81952243242511
2.319441586085251
4.456110469535742
1.0997136676301489
2.617230429233415
1.4315316013787611
2.6487620780715386
4.972501211209487
0.6736827652842254
2.1690115798558813
1.2696769540952297
1.5340513932030047
3.3519986730369165
1.879888497691801
3.0576359277660554
0.6971142323293389
4.8641186451546226
0.9412731662338669
3.687530849150142
3.5177066817554974
1.16690469396262
4.081050986845833
4.0563139230998955
3.1976592919149267
1.8642539753503204
1.3129704636470962
1.4196454012329771
3.309371218160392
4.7685242110186215
2.0207226174996022
1.9884184615948308
0.8251227662942566
1.5519550840413672
2.430181698512573
0.9462760540235784
4.627138391131285
3.021133742093547
4.816863444839806
3.5537807695811128
1.3787676702749265
2.637483347025494
1.4854959530117424
2.1537952129747375
4.525053740474736
3.5565118165363385
2.4939591867163524
2.0392353140688395
0.6891693650543798
4.499089204507409
1.6517321814891288
3.0714324237009674
0.5492794307387243
2.1180585009174213
1.1936458086101724
4.228559698437041
0.6946903865542162
1.672018983890635
0.7321890328539188
3.5729906064879984
2.225976526536611
1.363955129829037
1.2098349837869653
3.1196778885388725
2.9526501763739375
3.344585593264699
2.2134558501647716
3.610452296136216
2.079038217597615
1.4833411639487744
3.4320385503451827
2.09796822381345
1.8853160592407927
0.5681738086209562
2.476759407195643
1.997408965154246
2.427036981250686
4.791179378565846
1.5838837982594942
0.792675377044863
2.561029130428022
2.881149929097708
1.3088779056552338
1.865364581829981
4.717295467902459
4.5997017624273715
4.052542633303359
0.5587368584417166
1.071522970486593
0.6068790514267296
1.8063074991283241
4.632807209081113
0.5798227570447153
2.1440957804958427
3.4944090977269084
1.0322174189643927
3.013069849307396
3.618788764046341
2.3972613082633227
0.6718784371768136
3.4078957991054906
1.1021753067066498
3.3072431075816096
4.072795094663266
2.78363195244062
1.0046710122931781
3.8365626159803456
0.8520824867432462
1.6489803063783892
1.8139234833958175
2.2125985536202504
3.2667825445280916
3.761918065365143
3.0191199301191936
3.757556752602337
3.4329790303143537
1.996741237794464
1.949186448863633
3.9244372777428915
2.797821861335446
2.392673611869747
4.59056713992454
3.5135009646732374
0.7019031328153446
0.7089112875996086
1.9388253537252518
1.5067400005826697
2.9706491449642662
1.9234992059635991
4.067191838627687
4.068679069176504
1.0725208455801518
2.98760227482846
3.2851898153440127
1.7387011071547662
2.8838300507104533
1.409838387736177
2.260164878158635
2.518917045277325
3.1881556078162245
1.3507432189189605
2.049974385966995
0.7666625057000795
2.4349056356673544
1.3444737718651065
4.887523187533149
0.8576135001329533
0.6111191495757928
0.980065428539359
1.5614095595635138
1.7424487249715679
1.0904497585963642
4.29421787308416
3.5601743378657957
2.220541057468857
2.223685787708538
2.1927996763696735
2.4053464967443765
4.387709229487383
4.315435062458263
2.385067130108223
4.484205914032822
4.505592300420756
3.9302853103270134
3.801480877486378
3.93575364800002
1.9662436693957464
4.94365709880168
3.9738469100229064
0.9104992713049685
2.9460510553257855
0.98527440453442
2.7006153716529817
1.1778636870807295
0.7129608746979524
4.813917031016527
1.2962488166990298
4.447993626642185
1.7207634626668624
2.1433264331250346
4.360518663121188
4.194710228583793
2.6344934336543315
3.9321610559739746
1.3369131284714604
3.7347322045706806
3.7881364544435474
3.2948981116162366
0.8185377890172371
1.9289052929973638
3.8291058528994117
1.6611148248050078
3.1176961458826398
0.8889015537361121
0.7965734565064384
3.442328317000523
2.611769940944936
1.9952357158173202
3.1367393982622334
2.7445469493493384
4.848989356299821
4.428301988015905
3.6958404125184683
3.2402345565358517
2.8784978840446396
2.542511036448172
1.1449610364798253
2.075063453889181
2.9261501400198298
1.2358830208915212
3.226805919659336
0.6302137301528126
1.054409305961633
2.0883261163140885
1.5324934453330477
4.105158453669628
0.5901912049004422
2.136524051435891
2.979550016663941
3.6507309358565028
1.1661245747574192
4.305372538608714
0.5738238946197805
2.5990685630352717
2.5919328411978
1.914776808915057
3.8586927598350367
1.1349014283178624
1.021532459265716
3.352233114124672
2.4161939851234533
4.973327806416006
2.1472356387509364
1.814408704723507
1.6264528782227112
4.256293121224023
3.157876057657379
3.1785978047022616
1.1631056455021167
3.3896826511218348
2.550888618738678
3.2999454360922673
3.525982115322243
4.836413395180098
3.3725191789309465
0.6536386168979892
3.402995127294521
3.5258345624945133
4.416559105099887
2.6630595333055025
3.3850503266383214
1.2102422419307823
0.6265187924889034
1.2920438108765975
2.0879019053176253
0.703169693981979
4.300341691791252
4.836512521479558
1.988301306115279
1.9844516255798175
3.5286665116456875
4.389494395489699
3.449264166884535
3.811283027958183
1.274487896465071
2.3600263190947093
2.338279739933905
3.52047723947248
1.7935183105461254
0.9232588770671509
1.3715782275791624
3.720724292223323
2.424673026621501
2.031161945646443
4.229852196880451
3.6715800381606414
0.6978045999803315
3.2328086469178405
4.298216903330035
0.9296568950035567
1.3279288171493142
4.4002594132402955
1.970514324955857
3.9092795542356304
0.6478136824763445
3.71895636900415
3.6778537101413367
1.45470891147872
2.5595598476096253
3.613428656981791
2.196481126954383
2.599252766148939
0.6455001833352627
3.566682985214235
2.4641603527329945
1.2306249020351803
4.93546769360499
2.695963495822813
2.164542533805176
3.47298609003502
1.123481624462945
3.8053901016742553
4.836754006923485
1.9969776009262634
3.2079281479654305
2.024610124248751
1.4764696010118792
0.5862899872944781
1.5714265348899306
0.5459006252102184
2.4270007452454703
3.14889958945316
3.2037589040799506
4.692672188856983
4.000248261144164
2.5213898031031547
2.102588476278576
3.987229899436901
1.4430740442784815
2.1691046627516597
1.2638687145864373
2.021405005588029
1.1141911313708448
1.2073276776756778
3.060662806133513
1.067779218214429
4.493984023479373
3.760219334201379
3.331543124067048
2.946469824161459
1.345669923136257
4.156500569801638
2.682631501913755
0.8360698643416681
4.5110096894552365
3.872987016142653
2.2064982574449443
1.8829735308396047
0.831108112383027
0.5691037821869543
3.124142485124581
1.152368099485889
0.6617583679528687
2.83661772118966
1.7008795260230907
1.2134238311015393
0.7803396068675788
4.500305513290735
3.3334540414451292
2.0065057253407397
3.994577114433107
2.446150885116874
4.663896782964724
0.7043472134590818
1.5383839876744212
0.8169090703227128
1.0801100281882343
2.6263045054405416
2.3339414498683846
2.2677440775678512
2.5410497220091
1.4036737567887236
2.4016810896972327
4.479190541430156
3.218806964839125
4.489013161027403
0.8152498081780304
1.1806298250044298
3.2667639332706404
3.883757758049574
2.4398177106991
1.8555644520300199
4.432742022661919
2.3912843273760753
4.94644469886563
1.3512869250600383
1.8453348489902306
3.012583890609437
2.330364349120608
1.0490361271114745
4.102501502631128
1.7594492785816571
3.8604448361855677
1.7763282648595093
2.8714599804455108
0.96663623154721
2.4583312039768512
4.316241534009471
3.3103758551062237
2.7542913882893516
2.2519095675193177
0.8341595090337883
3.884409858266126
0.7773870166793875
3.3178149367703784
1.542722136589985
4.657284674375918
0.6490462137181661
1.4666908311266917
4.310583266550481
1.025353875604397
1.8298068997543202
4.831480205650568
0.6514758189708233
1.5089121598080613
3.063934164129724
4.60575793061265
1.6360109166390735
0.6634862768709586
1.5436078762858607
3.7717829373516176
1.1945111098420298
1.128806754681006
1.2933264309656087
0.5285225728600783
3.264865653964411
3.4565314882401776
4.127570083476686
0.6735924662141385
3.9339980339603073
0.6572531227764783
0.7581465681118763
3.4311945526221717
3.911520210514486
2.31384399249352
1.0265081151842521
2.7911702144974866
2.901147991701127
2.438414888860639
1.606660742985101
1.4561839024129293
2.4484633234359667
0.9263497754935325
0.6771416197158107
1.9981107713214639
3.5179522111217145
0.5885022027808612
1.1486387924987982
4.173885824901338
3.3104867352977565
0.701203428973482
1.4262532323499315
2.469077891910613
2.465578088297798
2.557930364219959
3.8203058391658398
1.6123671411774583
4.3798964801818565
3.8762574144608832
1.5094997228473854
0.5692145167404211
1.9191977669079243
3.667733002627461
2.3195100311863444
1.775143797394469
4.569412084119323
3.5998551639565424
1.0890134866639596
3.644409844908509
1.1727363872981276
2.3769925997159005
4.642915238834246
4.290189921320114
3.5355414333733486
3.2497300082932328
1.7546762311509327
0.5424199914560426
4.0386392056854685
1.5893913856696218
0.9356862646738816
3.9965243940930915
3.6432298691831053
3.4037431590796476
2.4767235406782007
1.8350857316149092
4.757429665323301
3.7067602434891502
2.777828859682626
3.2423071097404934
4.453794039448266
0.6838919984389222
1.8586302916314799
1.4885663698775615
1.4234495534231457
0.7190841496102642
2.9254945190424313
3.993054029740881
1.5252765248193312
1.3131180674575764
3.666628629475865
2.2409391710907722
3.1264074681484915
4.09250988549498
2.984229023752448
0.9541852855317949
2.271277956136684
2.5243060576080345
1.8131223176196718
4.963060335486446
3.7572639990565793
2.384699181219433
3.895416306171246
0.5520980272160445
4.583242412059883
1.62306014159956
2.1672008985170814
1.534997459161342
0.866630741486519
2.3633782759279516
4.094819349707544
1.6306715462535608
4.322135199370522
2.500691731684177
0.5710521470744799
1.9066012204164389
3.3112454630533636
3.8590002823792116
4.029708654607644
2.364768590525136
1.1396662436614424
0.9504653473927803
3.1133977409017524
2.045470067376819
0.7101052030816669
0.6465012187643694
2.64795597782177
3.738489106082001
2.9808079144599704
0.671238414543929
1.804608137950482
1.9474296262117368
3.3479195078303765
1.2494862678820924
2.5834712858577364
1.6842753645444157
0.8359760340793502
3.1396777739898245
1.6218608277547197
0.7040282696298562
3.8756711571531786
3.6325110664271327
3.1744096427055344
2.0607168142840657
3.3965218468074396
1.6959419231855017
3.0188150957026645
3.1950792976272018
2.9445617386055996
3.625891401592061
1.1817355837714167
3.656680262364464
1.7810577407145933
1.414226160713688
3.284156774881689
2.607809463850037
3.736757433372992
2.8953772675055216
3.1876586445580477
1.1527321515352889
3.9514801258002263
3.812078902095285
1.7784572363978952
1.3009365355262574
2.7100925955415662
1.561677768088678
2.538021615451298
3.679274274648123
2.8412547441290203
4.296860966302519
0.994153779527571
1.3719855277989583
3.559063199428735
2.81124480022367
1.6255531432635102
4.9552584287416535
2.387767633005633
1.3294717397523403
0.9700898553828172
2.3554751508613454
1.3153368065584712
0.9240780630954003
0.7369284481752228
2.4092339083412715
0.5805922308544768
2.4091613396477904
1.4723632669181246
4.40969407555846
1.5604008396546132
2.3466553664937537
4.160946307508336
3.640606659237124
1.4822083689972387
3.854210742895168
0.9658076315369877
3.8660884564075264
4.783154465634708
1.8910154211375845
0.5189880890139627
3.804882967415205
1.2577877558474124
1.5192386614945965
3.9580478607273073
1.4951879725718038
0.7249511058067005
4.549500325158288
1.0447304181497998
4.018574477845607
2.0589121001643758
3.5163059024486314
3.4890599939500304
3.792176274074841
0.8210632161653455
3.7615794734707286
1.8851426040720307
1.8733906700297167
1.5041332160702932
4.670406808669085
0.5981991176878773
0.8138623237932229
2.673692580749301
2.9728241302145295
1.6255979474337976
2.2129258342917244
0.6135583004097739
3.5617817772940326
3.909907372923681
1.0131169604447339
1.774795038082284
2.6885789317626267
1.0872097658026254
4.025586116557002
2.384497980773982
1.8783442649968807
1.3742083157609513
2.07405227645759
4.476202057843005
0.6700822600966773
4.256057016658213
2.410724481480678
0.6264063013308158
0.7393520145018103
2.7431841449358636
0.6887962215823319
1.9037106883929549
4.2959198226569395
1.9505355082356557
3.0992665648423965
1.1261468596394661
3.2175985412091768
4.8516340364898936
1.1981834439804249
1.7544480467930132
3.39797344550061
3.6848661735071753
2.0169772759811506
2.9341806196398985
1.627956242533021
1.6028667315257228
3.7873598789099163
4.105162694243029
0.9320774095041044
1.6499615758397461
4.064216214171293
1.5680126151704703
1.52013219945707
2.19788600888368
0.516936239553535
4.983779875843244
2.119726265113337
1.3166691195760003
2.034441313663715
3.6018910047071024
1.3251886472795067
1.7416827732623583
0.8855366295544819
2.4630454155800225
2.4830082894875964
2.800264176238455
1.282438315519314
2.375978083890973
1.0029139222005432
4.6167648082636745
2.250981706209799
3.546479192663622
4.558520747903244
4.74467022340072
1.0916232451570234
1.2598594015696476
1.022194010289582
2.9667653347555976
4.251498937939858
3.726369823465558
1.166587443167951
4.395463246399757
2.299518143123201
1.4854143099286483
3.0577857137783733
2.233442802097206
2.913439946747209
4.976396742319035
3.1761641322955514
2.1766396910390062
4.0216578334169775
2.688464193009246
2.822458628651625
1.6885446301590872
2.426703570166094
4.661334998116428
1.3018416676911189
4.261527890346263
1.6719964350920564
4.516549284151426
2.0967338327340266
2.375557812444984
4.725392711385784
4.517392348300959
2.845606256686699
2.040271219434728
3.134950467380671
3.271371396947373
0.8748607007529063
1.237145655713106
2.105167636297744
4.812026754388356
4.4556748506781725
2.6101212808025767
3.528236681331972
4.711738999446045
2.3529046582361515
4.6349705295952255
4.879873714610275
3.510558323709692
0.5424747985487898
0.6662599562489068
1.4361105388686002
3.113785418038695
1.8520557239053106
2.7199377663725772
0.7851306016475649
0.5259746875199685
3.6414643606604504
2.5969568847420472
2.793285120798306
2.2001083720245895
2.259024840041485
1.0032717098141966
3.7311752998040424
3.345212733643375
0.6872410623101467
2.4021237598729877
3.9385590067699305
1.9875444040766863
3.0165480301904837
3.1863291791694226
0.6697579029506148
4.341551150525022
4.649651249937758
0.7597973724334269
2.558103833520031
0.9271698403312887
0.5435296393152932
2.966032898502642
2.0775640310084476
3.9986213479024375
2.4503845856676327
1.1295081631151083
0.9417991521949687
1.7245441158716492
4.194645677299221
2.59757608088755
0.791141053970814
2.407416765404602
2.0910765305486594
2.763021736173555
0.653497646134832
4.338571795904567
2.945993268817737
0.9453668147506222
2.9902899119639903
3.8592321237172347
4.598166301347751
1.0953064812508027
4.957361411096925
1.4506318162482537
3.5305120084577166
1.6502795193165114
1.548350147050501
0.9083948018851855
2.614268127812808
3.1488892817975644
0.8320391695915081
0.7787343168060828
4.101611262895833
2.132396031983865
1.3910439450378351
1.749520728683442
4.93867106750338
1.9654847066904524
1.7874783747477825
0.6852899123851901
2.5843762466533975
3.232880230315705
2.7125165072453723
1.7643665909173147
0.5784520213406833
2.4325434242876303
1.4998400264390794
3.9463686677048817
4.509396365474611
1.3636172677301588
4.643500921778425
0.6189895359266907
2.3096552730877344
1.5668452424767296
2.353491352567107
1.6313561961979637
1.8962039201293714
2.4545267753237887
2.340590660332912
0.753609923200625
1.1342357988155967
3.6398338660976797
3.699784392419042
4.93013557587567
0.9085893114033606
3.7173741246035275
1.851000788801565
1.9701918269626935
0.7570065128345691
3.0702879992357817
4.191756054014327
1.1803732659602186
4.3976731316987125
1.6520660504419913
1.4319047150925253
1.4415513282914076
3.0823386345727672
2.794049780958501
3.664069317555069
3.0068699999889286
1.4350274300887336
3.371193737646156
2.7201367863009143
1.6778959098738215
2.6096057291197923
1.7570517597026027
2.1185195076311008
4.8294075566974275
2.048665112578843
2.6477611031617356
2.9561592809170203
3.3107723504177984
2.2911315730613024
2.1107387595443536
0.9104584205693739
4.613305868835256
4.611379478747606
4.986545280429609
1.9731404081595398
0.749460022740768
1.1422023197410631
4.2687968822731595
2.541104674017499
0.7742357900567571
2.237093188743118
4.828921765394067
1.46341651117316
0.7400389340635604
3.403573298754266
1.94275336585241
4.116058090644014
4.953911559839308
3.1484832537526026
0.9258591891301873
1.1835942958254622
0.5500183413001503
3.915783809060876
0.706000308994001
4.149154371745007
2.284625263375119
4.8493945057306345
1.9910107680518632
1.5922492699464004
2.949380011114447
3.053714404722811
3.417465579182827
4.777160304745379
2.4545285312382177
2.8795578074025947
3.0443245717910883
3.7909445824425725
1.6530930019601793
1.8834732142683874
3.4403392108098467
4.996905193458242
0.7617063002892257
1.2384609133078655
1.4524931436220032
1.5893949238348668
1.9563171250373286
3.6995230146948876
1.6318596218383028
2.380269050185831
1.167208517379036
3.639053909637054
1.4714587504717138
2.8972629027826065
2.1676587792210427
1.9086107816134263
1.9241354298286482
3.372606187478649
3.9542751331582155
2.707055097140379
0.9614907971394872
3.5666484657784943
0.6046809173415291
1.9421811655855703
1.343620340676117
3.6313966660519363
1.065903980309015
2.7212255998942045
4.176869310764661
1.4960161743975207
2.9167542674777804
2.2705123879468054
1.6738981272050562
4.130758733842923
2.3886417363747
0.9555957918765244
1.581113458284671
3.0105043578367963
1.0967009328821706
1.9861399559670332
4.09453068104389
3.3271336261168196
4.105077515634473
0.6874330584020811
2.5347303094090825
3.823043284341196
1.701982825981702
3.032139502080328
4.853781455784399
1.3067584924233813
0.6258135838549868
0.8102164243645018
2.8288058655659603
0.5920165003708624
4.879948727286597
2.6180478938995595
1.5466019012875274
0.7838322766608662
2.515391738707077
1.9771288744604858
4.8404064162118905
2.593849504839222
1.85160610268655
1.3534936590315285
4.646038269209926
3.0286438821212474
2.2564038982425543
4.844029634748355
2.3882146818085053
0.5475320321245787
4.823531444397346
3.5982245861359057
1.9457512497390028
2.9670487803840895
3.6113481620829453
1.1544579186681214
1.3748437293985065
2.6390480783756147
2.9900398511935173
3.9968224438850157
1.3763233948229396
0.526122578025711
0.579960073662712
0.7795352238202256
0.7495498430246369
3.1211511380738544
3.816411968616649
3.887730407974915
1.2560750897582476
2.610578166110561
1.6568744749183886
3.69131576461808
2.7830181113739925
3.8725698751897855
2.7091422742196247
1.2927993238533966
2.742747334120519
0.5003559102846672
3.8549841259069613
0.7102683198184743
4.212374037562145
2.591391906297255
0.6706297698395934
3.6645690990963757
4.989927628550907
3.9015835237765883
1.0509396936452946
4.2301015376540185
1.6314430961460813
2.651174539675033
0.7780792646822751
4.169663737663372
1.9911714308085267
4.315198104149361
4.979491194031924
4.694358984293771
1.0029224336169347
2.247029112347734
1.4544816080853298
3.9982395879983263
4.996491542457427
0.9933255961094313
1.8519766324015516
2.576697675661695
2.579183640117894
3.6654932505289857
3.2868218884234746
1.0288309180700301
3.4486546130047047
1.8540367699595472
0.8044521864278068
4.18688913139776
1.3221173242351985
1.6590486202873964
1.6328296652407608
4.337398878351033
3.596453375168927
4.527879689302939
4.671056717558653
0.8120512728126568
1.3214961577668056
2.8043585745688366
4.27074052451413
3.53921355839666
3.248876280435331
0.7647584618350194
3.1922847264058
2.922502104979034
1.0756777755440772
3.5599242226591836
4.51348761140622
0.6497082869759406
0.7452581146704474
4.154996471538058
1.1640211240104466
1.70618644314318
4.349174431092553
2.5215438026800707
0.688273343872729
1.8326124209220949
2.0971870788509737
2.4133200018172136
1.4740165502745755
1.1396012967278943
0.8396495829383852
1.4901116907749696
1.9804969150240563
0.7708979308649823
2.297423876916935
2.7975483054915533
3.548565599280832
3.2048753645835366
3.1687365286771305
4.203830702899931
1.7626762345340312
3.222434297660663
0.5640047180321154
2.023619786415386
3.3018662077011913
1.2470767954603685
2.3595255588830963
3.794582252211575
1.1490131958257097
1.3205881044079606
0.7533305932723054
0.9296245865188955
4.9099220472960665
2.6829841211441106
1.7020958432357427
2.225971406486646
4.264696001666158
2.571788261573928
1.2836472229096345
1.4919623685236154
1.372384850489637
2.6824441034829856
0.6972423229635678
0.60936955892891
3.3380366041769665
3.9704527270146412
3.922351097229037
0.6133806006938096
4.944197360571389
0.9860336832954066
2.216104996866746
3.39659539561742
3.015308379581711
0.9380652919814446
1.842898967102602
4.793088734532437
3.7431177248435397
1.463688998266302
1.6241526199154186
2.553071734859573
4.693722509431984
1.8991060435280462
4.586009018616696
1.272132463099484
0.6617808123251862
1.038655464101523
2.4438023692699242
1.0863552583291067
4.123261547291068
1.150052133147732
1.5550062607390482
3.782588167061525
2.888707052770071
1.1619182338423115
4.717184581244106
1.2314161083295772
3.397010945559741
3.029932326588664
4.1399428501334565
1.4548970405243473
1.5473104183346698
2.839055715740503
4.219056852136672
1.8281959611780114
2.610545831147829
1.3100401835595188
2.3492362824187256
1.3456021830706177
0.6142075994973248
1.4429211547157328
3.1764946743685907
3.123726870794963
3.9852075047732516
4.933660603938392
2.0401046357620234
4.757108468034853
3.932872665526256
1.249470123015587
1.0094368406340093
0.977713704888351
1.523526706618436
2.694056511352216
1.055353289380462
2.485787833498686
4.931976779972606
0.9553351824654785
3.673047526875041
1.1694298378911772
2.3259875812179827
0.5180470899465912
2.0231105076434805
3.2314908580333084
0.7742975756253124
1.8931508238722337
3.734029554208122
2.3769570684941748
2.358561488014153
1.9735661894188443
3.7444446686087223
4.797843853434763
2.5854458926321446
2.6814074050269854
2.651076573384457
1.842235108369183
2.9414112194625104
4.316579904664065
3.4099793294788454
0.9711628599658451
2.5513024908609006
1.5821321327309623
0.7328965651131026
0.9435113790006074
3.1025848609155076
2.473103607337046
2.1004139020167054
0.625853573229441
2.5895012987534716
1.991392115987234
1.3935416060044425
3.185073350090926
1.6340128756083774
1.688364420097071
1.7000583117152948
3.872657592713779
2.2663348261024145
0.8983593811670856
3.7720481555534886
4.087198982409294
1.29456550931498
0.9705674002466651
0.6352588376257031
3.3349094585329513
1.8082392411627084
1.4539370974296808
4.718630526392828
1.216718228008881
3.160625934209489
4.517620851515994
1.4386359668516613
4.335331034747927
0.754458452945462
0.7091164892553844
2.4501723766547063
4.560477365630937
1.394226712356618
1.8512098820426897
2.71700768677557
4.194778392522815
1.681616837152788
1.246554764914458
2.29550765463876
1.2158937749212828
1.0488547275366975
0.8065148441163524
1.7514017818117158
2.127407255563636
4.339262171054226
1.131401229394242
3.156976562461969
3.104343056852148
1.7870283549979586
4.393912902209171
0.8316208470793949
2.4992319828056275
3.9662092312608572
4.184486937213172
4.643637654647739
1.587400790261318
3.121777345363113
0.5804821728347912
1.1017911065009172
3.883893500320873
3.008557607451476
3.5743079197558223
2.7511405496411228
3.053770727212328
4.269876614717231
4.16793175117412
3.2950512704913493
4.676115078241013
4.415509543179738
3.5468672378086827
1.5542555467905395
2.665418539622446
4.6620765225298335
1.037036516912705
2.119369438125343
1.0771154903726443
4.789194920658154
3.5598453757174813
4.1659071990701975
1.633053404197998
2.0143263921606036
1.4981991194013937
1.091656799526506
3.6860920114477813
4.879386704555398
2.6025427122427245
0.6150526423911172
3.728363214778056
4.353144085021573
3.487237999084878
2.7947568528283946
1.486153590280162
3.9353337166864906
1.5367869597335762
4.306723706166157
2.5298451855866424
0.558521687896806
3.549811877502391
3.0975157880681947
3.4577272300762516
1.8205413608484975
1.6041760643947398
2.3298913372597423
3.5690374395559132
0.8501132205552148
2.9634281108471643
1.926158017788366
1.6889088629290172
0.6952506750823907
3.5746595478884498
1.131526202405379
1.632500725523118
2.5505542466723687
4.20809750419642
4.5295223787682
4.634240945006911
2.330041028743434
2.3324999958463897
2.1888322742906436
2.6927241684236263
1.0132743034535558
2.2569341444298026
1.4041256996076923
3.979670241712056
0.5438778954425347
3.670387787387407
0.8831209967967908
2.160752430527122
4.960250708635262
4.212815874174406
0.8340568650873085
2.3114024789874765
4.639579387033044
1.3926170531964142
3.0887981414217704
4.242147496662768
3.783286519740525
2.22882887729492
0.8734786596387163
1.7668261550929814
4.829324739991851
3.439602127022614
