[22.5  2.5  3. ]
[23.29194616  0.63642707  4.64040694]
[23.62137483  0.48393218  7.22757554]
[23.29194616  0.63642707  4.64040694]
[24.07767041  1.96719435  3.84719724]
[23.60344396  1.34656349  5.51201414]
[23.71596227  0.52438024  5.70975833]
[23.71596227  0.52438024  5.70975833]
[23.58066554  1.75015431  7.93991877]
[21.80925198  4.74364537  8.14138018]
[19.00298791  3.12164186  4.46072494]
[19.26522799  1.92173839  7.12720325]
[18.7742961   2.00426887  6.65482304]
[16.50055134  0.60345228  4.03880156]
[14.40788567  0.62770365  0.97767671]
[16.47848944  2.526678    2.5914297 ]
[16.4268411   2.45767578  3.80763151]
[18.01661564  4.87100101  1.48978169]
[18.7985037   7.07174833  4.46313948]
[18.7985037   7.07174833  4.46313948]
[23.05403365  7.44173832  2.48282837]
[23.05403365  7.44173832  2.48282837]
[24.60563319  8.76756616  1.03202436]
[19.90105849  9.59975428  0.70436032]
[19.90105849  9.59975428  0.70436032]
[17.12064605  7.54653747  4.03272884]
[17.12064605  7.54653747  4.03272884]
[17.7349419   5.57151915  8.25754948]
[17.83658644  5.49036396  9.31624358]
[15.76020831  4.4789423   9.40366033]
[16.48723396  6.00591759  9.52089228]
[16.27614665  6.26733921  8.45898024]
[16.27614665  6.26733921  8.45898024]
[17.39807784  8.78979193  6.14946829]
[14.91578982  7.06408968  2.63289553]
[15.03341913  7.06054228  3.62897533]
[15.56436286  6.14092221  1.84323463]
[15.56436286  6.14092221  1.84323463]
[16.09048279  3.08627052  0.15031314]
[17.54211099  5.31507359  0.39795802]
[15.81720469  5.44261456  1.54217266]
[14.8746234   5.14882602  3.38306766]
[15.49498739  3.25461505  7.43278023]
[15.71414519  3.22361117  8.1921801 ]
[16.93602866  2.12219196  8.04661427]
[18.83260192  1.19763694  8.38095423]
[20.2149257   2.89873682  7.91681141]
[21.80925198  4.74364537  8.14138018]
[21.48588655  4.01243588  3.8873171 ]
[23.46761657  5.44367119  2.46996619]
[23.50810833  5.42837225  6.80012493]
[24.63117927  5.05745456  9.20028894]
[21.48588655  4.01243588  3.8873171 ]
[24.60124168  3.83688627  1.83180145]
[24.60124168  3.83688627  1.83180145]
[24.60124168  3.83688627  1.83180145]
[24.51925561  5.47237704  2.50952273]
[22.57938509  3.34517028  5.10166864]
[23.6259741   2.84361057  5.76812338]
[23.6259741   2.84361057  5.76812338]
[23.26965549  5.8289833   8.78218268]
[24.63117927  5.05745456  9.20028894]
[24.01550062  5.80265874  7.30217747]
[23.1842496   6.93154647  7.64537611]
[24.84645576  7.33821382  8.25230789]
[24.98749379  7.04530847  9.74610909]
[24.06742618  8.08298415  9.33514807]
[24.01550062  5.80265874  7.30217747]
[23.92941297  3.88371623  8.52513638]
[22.57938509  3.34517028  5.10166864]
[23.89097171  2.84458707  3.5119419 ]
[24.63675267  3.78611638  1.16683816]
[24.60563319  8.76756616  1.03202436]
[23.13421995  4.75572329  1.64470291]
[24.51925561  5.47237704  2.50952273]
[24.79812687  4.55118078  1.27546721]
[23.93971806  4.69539066  3.26928312]
[23.94893417  6.2072332   2.45353433]
[23.05403365  7.44173832  2.48282837]
[24.82246321  8.783852    4.76757427]
[18.7985037   7.07174833  4.46313948]
[20.5073043   9.72886065  0.97901941]
[19.09328893  6.93375037  3.2577853 ]
[23.42878412  5.61106546  6.30135197]
[23.92941297  3.88371623  8.52513638]
[20.9497325   1.35308584  9.73682681]
[21.22076532  0.86867919  7.43705915]
[23.4411788   2.8134914   7.47914299]
[20.2149257   2.89873682  7.91681141]
[23.92941297  3.88371623  8.52513638]
[24.44718324  5.49879205  7.04351241]
[23.15033182  4.71872171  6.35192244]
[24.23217548  5.76543448  9.02810575]
[23.84134494  6.31689166  8.68218019]
[24.29041981  7.89791532  6.50420601]
[24.82246321  8.783852    4.76757427]
[24.68617001  6.56871039  4.63365478]
[24.68617001  6.56871039  4.63365478]
[23.10251665  6.90205524  8.42838153]
[21.54071007  4.02219771  5.5350282 ]
[20.65509412  7.63215626  5.17981036]
[20.65509412  7.63215626  5.17981036]
[21.80925198  4.74364537  8.14138018]
[17.42176783  6.3442609   8.49591992]
[18.06957685  7.13452     6.46044758]
[18.06957685  7.13452     6.46044758]
[17.61734314  3.58770762  6.62381285]
[17.61734314  3.58770762  6.62381285]
[19.30617826  5.46325969  2.89992175]
[18.13378853  4.33112496  5.94596724]
[20.50726495  4.90847964  3.49656674]
[20.7068912   3.50842717  9.09828165]
[21.56120112  3.85652755  5.78121087]
[20.7068912   3.50842717  9.09828165]
[18.83260192  1.19763694  8.38095423]
[21.22076532  0.86867919  7.43705915]
[21.12699082  1.30896077  9.33063618]
[21.95685912  1.16612341  9.85070159]
[20.2149257   2.89873682  7.91681141]
[20.04533548  5.41398031  5.63654434]
[17.42176783  6.3442609   8.49591992]
[20.04533548  5.41398031  5.63654434]
[18.56461464  9.54183987  4.99759184]
[19.31816299  8.83797726  7.98361634]
[19.31816299  8.83797726  7.98361634]
[21.44548533  8.6557365   4.89084732]
[23.89403448  9.99564883  2.48607094]
[24.82246321  8.783852    4.76757427]
[22.63133888  9.52290376  4.10912323]
[22.10285137  9.93753381  6.45377268]
[18.70903324  9.96473983  5.10399535]
[22.89823513  9.93854432  3.90851216]
[24.7824772   8.82291792  7.7619912 ]
[24.7824772   8.82291792  7.7619912 ]
[23.21952332  9.35564226  9.51175681]
[21.41420915  8.41251409  8.55849234]
[20.29796046  7.7855506   9.87422813]
[17.80601993  8.09652178  8.35849599]
[17.80601993  8.09652178  8.35849599]
[17.08088485  8.18078136  6.69637005]
[17.01545427  9.09256538  5.60484933]
[18.56461464  9.54183987  4.99759184]
[18.37696101  6.97847059  3.63582457]
[15.09375732  5.47410867  3.36398333]
[15.48537449  5.67873449  2.8125976 ]
[15.56436286  6.14092221  1.84323463]
[19.30617826  5.46325969  2.89992175]
[19.16700453  6.33329235  1.21474623]
[19.44451061  6.72983491  1.39120995]
[18.75116031  6.28183063  1.25920723]
[14.8746234   5.14882602  3.38306766]
[17.49988047  3.36637424  2.21493384]
[16.7263385   4.40879929  4.33730381]
[14.23362804  5.94929826  6.99559281]
[14.47028787  6.34279398  5.00291572]
[14.23362804  5.94929826  6.99559281]
[10.52724044  5.16139692  6.51914367]
[11.23743478  6.28195124  3.84298842]
[13.93712434  9.42423261  5.62395756]
[13.90892906  8.51195452  7.03418151]
[14.27443029  9.44028408  7.54582038]
[14.32964153  9.43408633  9.26907755]
[14.79556192  9.59924696  6.01514808]
[16.7263385   4.40879929  4.33730381]
[18.58628958  2.74322847  1.79493364]
[17.37974722  1.22146562  1.08916555]
[18.91713041  0.37577974  4.82205875]
[18.9670666   0.41075972  4.27882257]
[21.49510652  0.31948268  2.57721055]
[19.6540591   0.22118443  3.00920409]
[18.76513312  0.30341761  3.74062286]
[18.85220801  0.81627815  5.19705114]
[18.83260192  1.19763694  8.38095423]
[19.49631346  0.29832269  5.79946127]
[19.55436977  1.056902    3.05869057]
[20.71578723  2.76091589  3.29931644]
[21.75893082  2.44999055  3.77612979]
[23.13421995  4.75572329  1.64470291]
[24.53470816  3.80340641  0.8792247 ]
[23.59462505  1.98826666  1.34196057]
[24.26653664  4.73352893  3.13474821]
[23.3048012   5.60815555  0.63278899]
[21.63149785  7.15763687  0.20973722]
[21.5953619   7.15935845  4.66570083]
[20.50726495  4.90847964  3.49656674]
[22.0389998   6.18506928  1.80127846]
[19.30617826  5.46325969  2.89992175]
[19.09328893  6.93375037  3.2577853 ]
[20.99367641  3.25436423  0.50525677]
[23.59462505  1.98826666  1.34196057]
[21.43449495  3.46913565  0.96720994]
[22.38056243  4.30395071  0.825366  ]
[21.79165731  3.19331455  1.29979219]
[19.6540591   0.22118443  3.00920409]
[20.71578723  2.76091589  3.29931644]
[20.60813173  0.06627247  1.85832909]
[16.09048279  3.08627052  0.15031314]
[17.89737794  0.29524855  3.70066192]
[17.37974722  1.22146562  1.08916555]
[20.99367641  3.25436423  0.50525677]
[18.40403067  1.14847298  1.61575994]
[18.40403067  1.14847298  1.61575994]
[16.50055134  0.60345228  4.03880156]
[20.2149257   2.89873682  7.91681141]
[19.00298791  3.12164186  4.46072494]
[18.39786193  4.31314457  3.1608839 ]
[17.17193037  4.68746779  3.44525229]
[17.93153672  3.80386908  4.25620517]
[16.50055134  0.60345228  4.03880156]
[19.62655459  2.47457795  7.11545811]
[19.62655459  2.47457795  7.11545811]
[20.51023013  4.02659454  6.24128992]
[21.4733524   4.23133041  6.40301436]
[20.51023013  4.02659454  6.24128992]
[21.04807885  5.52901519  4.40846858]
[21.07392946  5.84338838  3.5163141 ]
[17.98368616  5.14912009  2.18277156]
[16.75296067  7.78364283  3.00243843]
[20.2403712   8.38074166  8.26398391]
[21.4733524   4.23133041  6.40301436]
[20.1086719   5.53985041  6.13293957]
[18.4287329   7.11371463  7.42021373]
[18.4287329   7.11371463  7.42021373]
[19.33582227  7.63425448  7.57939095]
[24.70760226  6.37595199  5.3297627 ]
[21.04807885  5.52901519  4.40846858]
[20.38737089  7.74256708  5.34840765]
[21.36741238  8.277739    7.05474594]
[20.84812972  8.08880109  6.64291782]
[17.24043035  8.83659941  4.06084374]
[22.12732547  9.89416519  3.78487118]
[19.19924727  9.17542628  3.19880841]
[19.06348084  9.31092876  2.68411001]
[19.11101103  8.82615998  0.62282111]
[20.5073043   9.72886065  0.97901941]
[24.70088673  9.31208585  0.63133807]
[24.70088673  9.31208585  0.63133807]
[23.03031035  9.32098994  0.56247034]
[22.96996012  8.66293918  0.87779213]
[22.69030432  7.21633767  4.13284951]
[22.69030432  7.21633767  4.13284951]
[23.12482553  6.2326045   6.08180612]
[23.20311164  5.51859329  5.10827648]
[23.26965549  5.8289833   8.78218268]
[23.10251665  6.90205524  8.42838153]
[21.97954011  4.12276771  6.94489332]
[21.42606838  3.06622736  7.43274037]
[23.26965549  5.8289833   8.78218268]
[24.90324625  4.81771314  7.98775598]
[23.50810833  5.42837225  6.80012493]
[23.55924924  2.58404144  8.72003521]
[24.17618067  3.2318383   6.82234569]
[22.31907666  3.18274236  7.14354797]
[22.31907666  3.18274236  7.14354797]
[20.30733904  5.22092087  6.6669995 ]
[20.43327894  5.62032772  8.6200115 ]
[20.73790817  6.93749008  4.57106949]
[15.56436286  6.14092221  1.84323463]
[17.249593    6.0320219   0.91837689]
[15.81720469  5.44261456  1.54217266]
[17.31808875  5.32869162  3.61418588]
[16.54303693  6.63730889  6.06119231]
[17.82731701  6.83505113  6.21830394]
[18.06957685  7.13452     6.46044758]
[23.01294994  7.88117933  6.07538427]
[21.33434601  6.2039666   8.41166194]
[24.1725094   3.48211461  9.39117821]
[24.04222892  3.86212583  9.77951486]
[24.1725094   3.48211461  9.39117821]
[24.47887782  2.96652297  9.48394581]
[24.17618067  3.2318383   6.82234569]
[23.85453326  1.29186785  2.6275918 ]
[23.79734406  1.32674062  2.05165107]
[23.42673491  1.24141137  4.16174929]
[22.14492144  3.55736334  1.88047429]
[22.14492144  3.55736334  1.88047429]
[21.91573714  5.80210478  3.17511514]
[23.54818605  2.67829107  2.35503552]
[22.52738005  4.22194665  0.83124277]
[22.14492144  3.55736334  1.88047429]
[22.99614933  5.44003805  4.59058513]
[24.60124168  3.83688627  1.83180145]
[23.15033182  4.71872171  6.35192244]
[19.97661368  3.10874522  5.22903016]
[21.30532278  0.67007546  5.41884263]
[21.32128523  0.83906402  4.42861442]
[18.40403067  1.14847298  1.61575994]
[18.60854438  1.80671025  2.11670146]
[18.59369113  2.26658091  0.53321341]
[18.39786193  4.31314457  3.1608839 ]
[20.38752336  3.79745838  2.34179446]
[17.72981607  2.57257906  3.79373482]
[11.97569283  4.23463877  6.49119728]
[11.7345766   2.73521052  3.88185578]
[15.03341913  7.06054228  3.62897533]
[15.27746337  5.58362272  0.53955855]
[13.62443157  4.82720328  1.36556766]
[12.48742634  5.75757456  2.6465658 ]
[11.53378439  2.91496147  0.1145062 ]
[11.98071188  3.61274441  2.78680146]
[12.48742634  5.75757456  2.6465658 ]
[14.08963002  2.67221885  5.64437004]
[16.68166878  4.37781412  7.29269309]
[16.44662062  4.65564864  7.89288335]
[16.44662062  4.65564864  7.89288335]
[17.9604684   5.7919915   8.31244688]
[17.40391548  7.84242971  8.87472674]
[20.43327894  5.62032772  8.6200115 ]
[19.33582227  7.63425448  7.57939095]
[21.56120112  3.85652755  5.78121087]
[22.64608477  3.1725903   9.64248095]
[22.53929587  2.20750504  9.186951  ]
[23.58066554  1.75015431  7.93991877]
[21.30532278  0.67007546  5.41884263]
[20.29330938  2.06012353  5.16062414]
[20.30733904  5.22092087  6.6669995 ]
[20.30733904  5.22092087  6.6669995 ]
[18.65519419  5.26625233  8.20865696]
[19.0999156   5.20428155  5.73008367]
[19.02640417  5.16052162  8.91709125]
[17.9604684   5.7919915   8.31244688]
[17.45164198  7.57773442  7.44376233]
[17.36686207  7.79276178  6.71277191]
[19.34340531  7.87198333  5.29299508]
[20.65509412  7.63215626  5.17981036]
[20.05147912  3.06968954  6.82523714]
[19.72873663  3.12730122  7.6177137 ]
[20.2149257   2.89873682  7.91681141]
[20.67046063  0.45975277  8.10630006]
[21.12699082  1.30896077  9.33063618]
[21.95326619  2.97541731  9.00973034]
[22.88998736  4.25170681  4.9314765 ]
[21.22076532  0.86867919  7.43705915]
[23.60344396  1.34656349  5.51201414]
[23.55924924  2.58404144  8.72003521]
[20.96355424  3.22711884  8.30458402]
[22.64608477  3.1725903   9.64248095]
[23.31492012  5.48290498  9.61424775]
[21.13730082  8.87157838  7.87446066]
[17.40391548  7.84242971  8.87472674]
[15.61567651  8.43719517  7.41287838]
[11.20107938  9.19229705  7.19094147]
[8.59371004 5.529333   6.89994066]
[6.63061917 5.2063117  3.51038699]
[7.64401705 1.56400799 3.90775994]
[6.16197634 2.14815508 7.50671594]
[6.15434825 3.50927495 6.08776962]
[10.86892776  3.21543945  7.5459007 ]
[9.51700376 3.45296974 3.81664606]
[9.51700376 3.45296974 3.81664606]
[9.00388409 2.01216556 6.33458339]
[9.61923552 1.36859091 5.91277782]
[9.70209989 0.92925423 8.57612912]
[9.70202547 0.92943389 9.75399279]
[9.72621347 0.890231   9.04252158]
[12.73457327  4.63668246  8.74643052]
[11.97569283  4.23463877  6.49119728]
[14.25439067  8.00491041  7.10539205]
[14.9008309   9.59961264  7.09722328]
[11.23743478  6.28195124  3.84298842]
[9.03332441 7.96238381 7.20931682]
[5.57221957 6.08951522 8.66145678]
[8.59371004 5.529333   6.89994066]
[7.75128377 1.92267644 5.57924502]
[7.64401705 1.56400799 3.90775994]
[6.89098898 4.79232365 2.18754154]
[9.39401101 2.89101759 3.11089009]
[6.63061917 5.2063117  3.51038699]
[7.04844215 5.17831701 2.76028831]
[11.7345766   2.73521052  3.88185578]
[8.52608021 0.64560853 3.84770847]
[9.24131919 1.90678942 4.65836155]
[6.49271429 2.90591741 3.57810992]
[6.7066304  3.244797   2.78467026]
[6.49271429 2.90591741 3.57810992]
[3.37359348 3.66439962 4.82125687]
[3.56041523 3.82929198 2.22140104]
[7.49088641 1.79861908 4.273818  ]
[4.49000616 2.575175   3.79338829]
[6.15434825 3.50927495 6.08776962]
[3.37359348 3.66439962 4.82125687]
[2.33333425 7.74052056 6.20435385]
[2.55557227 7.91868773 2.51950609]
[1.31709634 7.60251994 5.49697737]
[2.55557227 7.91868773 2.51950609]
[0.52959805 7.26820084 1.12786762]
[2.55557227 7.91868773 2.51950609]
[0.86947884 9.12791784 2.54670556]
[1.87997351 8.76777993 5.26912284]
[1.3239837  9.85850379 5.09999676]
[ 1.65991582 12.93017469  4.17033878]
[ 1.17048068 12.98104438  3.77659411]
[ 1.46285439 12.48668149  4.6608463 ]
[ 0.20512087 11.20678394  5.72905724]
[ 0.2001923  10.88621168  7.22763833]
[1.14917954 9.39869495 3.52101681]
[0.86947884 9.12791784 2.54670556]
[2.55557227 7.91868773 2.51950609]
[0.86947884 9.12791784 2.54670556]
[ 1.48729548 12.20248084  0.67769477]
[ 2.03000123 11.17033899  0.67724795]
[ 2.28677897 11.50047769  4.96225744]
[ 1.16552383 10.06493344  4.04892199]
[ 1.42445137 11.85766121  2.18499038]
[ 1.42445137 11.85766121  2.18499038]
[ 2.01745498 11.6098077   3.98867705]
[ 2.02939616 12.79899861  7.6595342 ]
[ 2.0923245  12.7320778   8.79071185]
[ 2.37528957 13.55066217  9.33235654]
[ 1.8057383  15.72612352  6.84630623]
[ 4.15355638 15.31790109  6.44743525]
[ 8.61957798 15.89953132  4.33785073]
[ 7.81185092 16.73537404  6.14327723]
[ 8.54200789 18.32937624  6.61029622]
[ 8.54613119 18.385734    8.23576716]
[ 8.54200789 18.32937624  6.61029622]
[ 9.84071523 21.19223739  6.31101961]
[12.74469811 21.99323552  7.32530234]
[13.7502622  21.58008314  7.73877628]
[13.78082627 20.58615009  4.49823444]
[13.03160756 21.55325054  2.25983752]
[12.74469811 21.99323552  7.32530234]
[14.12502292 24.99785126  6.10074628]
[18.01738366 24.9990682   3.23013294]
[17.37045532 21.84675929  4.23925033]
[14.95656022 23.63761158  3.94495953]
[13.78082627 20.58615009  4.49823444]
[16.17550787 21.82237723  6.55253823]
[17.31737395 18.65460983  9.4104021 ]
[14.89803735 19.23270094  8.45934628]
[17.49485453 17.06251565  8.53284471]
[16.68134971 16.2144104   8.24368443]
[17.49485453 17.06251565  8.53284471]
[17.11033391 17.50137757  9.68563321]
[15.05280152 17.37552049  9.35388809]
[15.61380883 17.79826367  9.32216069]
[14.95656022 23.63761158  3.94495953]
[17.73508468 19.73856377  4.62985464]
[17.73508468 19.73856377  4.62985464]
[16.366905   18.65702249  5.57663924]
[17.73508468 19.73856377  4.62985464]
[19.79304099 17.70820042  1.32681035]
[16.66325712 19.06598477  1.83504049]
[13.25453016 20.41803876  0.79657584]
[13.20007253 19.96610403  1.98699961]
[12.26533768 17.99346329  2.88404115]
[12.19207523 19.93405009  4.1864649 ]
[12.26533768 17.99346329  2.88404115]
[13.09399197 16.83128794  3.97003767]
[13.94399031 17.17487321  3.86113886]
[13.25453016 20.41803876  0.79657584]
[15.3098667  17.31916596  0.66863691]
[12.26533768 17.99346329  2.88404115]
[13.27810062 16.66415139  4.90900993]
[ 9.44705142 15.06048999  5.71087137]
[ 9.25122948 15.00593906  2.04492293]
[ 8.61957798 15.89953132  4.33785073]
[10.76242103 18.31719119  4.21870305]
[11.27577163 19.00653422  8.4301097 ]
[11.27577163 19.00653422  8.4301097 ]
[ 9.84071523 21.19223739  6.31101961]
[13.09399197 16.83128794  3.97003767]
[13.27810062 16.66415139  4.90900993]
[10.32383272 15.7943047   7.31694152]
[ 8.61957798 15.89953132  4.33785073]
[12.19207523 19.93405009  4.1864649 ]
[15.68772606 19.86948169  3.04503417]
[15.68772606 19.86948169  3.04503417]
[14.95656022 23.63761158  3.94495953]
[17.57483883 21.15067425  3.81601588]
[18.274222   20.237211    1.94492598]
[16.27422035 20.27531165  3.60464181]
[16.24315331 20.91607174  3.53300502]
[19.17445221 18.98637288  2.8966273 ]
[21.0501664  17.63822744  3.7546986 ]
[20.57852588 17.06803403  2.77140193]
[16.92632258 15.14315227  5.47604288]
[16.366905   18.65702249  5.57663924]
[14.37308536 18.33022696  4.8000233 ]
[12.04785691 19.87245885  2.73206154]
[12.92446438 16.89749332  0.5633408 ]
[10.76242103 18.31719119  4.21870305]
[ 8.23681835 21.48565786  1.57742696]
[ 8.02408563 20.82656032  3.45046053]
[ 4.82417366 20.88687915  3.23199301]
[ 5.86745529 22.08039252  1.97257433]
[ 6.81964748 23.11140196  1.51397641]
[ 6.42620153 22.85692646  1.16158677]
[ 4.92509106 22.9911749   1.60658795]
[ 5.39794655 22.92893981  1.87218533]
[ 8.02408563 20.82656032  3.45046053]
[ 8.02408563 20.82656032  3.45046053]
[ 6.79551273 21.68754349  6.19875459]
[ 8.23681835 21.48565786  1.57742696]
[11.90349032 22.81804767  2.46187039]
[10.33524752 23.30505599  0.54853719]
[11.3374923  22.58811239  2.25217318]
[ 8.84320502 23.61754841  5.18761092]
[ 8.9911017  22.4982083   4.28890797]
[ 8.98943263 20.44510767  3.58905793]
[ 9.40400005 20.55654183  2.40032735]
[10.53620967 20.37613884  0.73550473]
[10.70684934 20.06392997  1.79135965]
[11.3374923  22.58811239  2.25217318]
[ 9.3231361  20.63492455  1.02943724]
[ 8.9911017  22.4982083   4.28890797]
[ 9.84071523 21.19223739  6.31101961]
[10.15500705 24.94517055  7.87409868]
[12.98405821 24.965604    6.11477164]
[13.80298351 23.71651148  8.65461685]
[13.80298351 23.71651148  8.65461685]
[ 9.87409702 24.14057079  9.94322914]
[ 9.22570744 22.38670178  8.01967872]
[12.98405821 24.965604    6.11477164]
[10.15500705 24.94517055  7.87409868]
[10.58231284 23.88505295  4.17361374]
[10.82364632 24.40792265  2.04359026]
[10.82173552 24.25677082  0.16669421]
[10.82173552 24.25677082  0.16669421]
[11.15444533 24.23971076  0.6280967 ]
[14.26968223 24.00613462  0.59635544]
[13.31770818 24.65290389  0.53815612]
[13.66740164 24.81211679  1.07694167]
[12.93513906 23.82094071  3.63189012]
[13.16073114 23.58196806  1.96306075]
[14.22950322 23.97040552  1.53969332]
[16.03420824 22.36498829  2.59365458]
[16.17550787 21.82237723  6.55253823]
[14.65223765 19.23495204  8.0005695 ]
[15.61380883 17.79826367  9.32216069]
[15.75879988 17.37882541  6.42834301]
[15.822142   18.18615649  5.35192357]
[19.01145318 16.72603846  2.27811767]
[19.01145318 16.72603846  2.27811767]
[19.37433434 17.66888725  1.11795444]
[18.71517962 17.18689668  1.09470436]
[14.79351875 17.98390337  3.15050642]
[16.66325194 16.1505417   2.94961305]
[17.54398393 18.11130991  3.85899849]
[19.26282691 16.79771448  3.1787713 ]
[19.17445221 18.98637288  2.8966273 ]
[18.274222   20.237211    1.94492598]
[20.04729688 20.34655891  3.56119346]
[16.38770571 20.68863626  1.0012084 ]
[13.17769244 20.90920243  0.91241869]
[15.17654776 21.81246824  4.82904063]
[14.68938187 22.37934842  5.15453794]
[13.9546232  23.06318782  6.5231066 ]
[17.17232482 20.06015261  6.50954186]
[20.04729688 20.34655891  3.56119346]
[20.79169747 20.32543077  5.12630528]
[22.197733   21.05563617  6.09221604]
[24.4196992  18.79423556  9.19030179]
[22.197733   21.05563617  6.09221604]
[20.711989   16.57112063  7.55816293]
[20.65566485 16.40443888  8.89794692]
[22.27648023 15.53461512  8.75089304]
[23.91731086 17.74643619  7.52975257]
[23.60593322 15.50689476  6.96575242]
[23.60593322 15.50689476  6.96575242]
[19.89499119 18.66493162  5.51313648]
[20.90676086 17.45759779  6.29692787]
[20.74791735 17.47797197  2.43980615]
[21.52216348 17.79112282  4.00755025]
[22.70912574 20.27134186  3.17995339]
[23.01951254 19.98624663  4.04987657]
[23.01951254 19.98624663  4.04987657]
[24.56676643 15.95846759  3.93611187]
[22.91233782 16.10262519  6.79979356]
[19.77549306 16.42851568  5.8216975 ]
[19.2560597  16.40654106  8.01277094]
[19.16475421 16.39848434  7.18366269]
[16.39645457 14.38340023  5.34937998]
[13.94399031 17.17487321  3.86113886]
[15.75879988 17.37882541  6.42834301]
[16.5168931  16.33611481  5.78065742]
[14.03506517 16.61469827  1.8495988 ]
[14.03506517 16.61469827  1.8495988 ]
[14.79351875 17.98390337  3.15050642]
[10.76199503 18.64901957  1.77734765]
[10.00722901 19.10781677  1.60507101]
[ 9.40400005 20.55654183  2.40032735]
[ 9.46494095 16.11718285  0.49465712]
[ 9.46494095 16.11718285  0.49465712]
[ 8.32140386 16.13709649  1.47890418]
[ 6.79892102 18.70697167  0.79664313]
[ 5.72642536 23.18088233  0.58011943]
[ 7.22056261 22.68052764  0.13997084]
[ 6.42620153 22.85692646  1.16158677]
[ 6.79892102 18.70697167  0.79664313]
[ 5.86745529 22.08039252  1.97257433]
[ 5.40640081 21.03034228  2.30675996]
[ 5.0067173  20.74442945  1.29053575]
[ 5.44008538 20.41358147  2.46332089]
[ 6.79551273 21.68754349  6.19875459]
[ 5.58458561 18.96697545  4.86028054]
[ 6.79892102 18.70697167  0.79664313]
[ 6.79038619 17.72611904  4.80596852]
[ 8.02408563 20.82656032  3.45046053]
[ 5.47039136 19.70549832  0.6758964 ]
[ 5.70283683 19.51582691  0.09110966]
[ 5.47039136 19.70549832  0.6758964 ]
[ 7.84455159 22.30704261  0.89960177]
[10.92967131 24.62689974  0.26691735]
[11.16536473 24.34727223  0.91800584]
[12.09544575 24.74248423  1.09821591]
[13.2371258  22.73934297  2.67130933]
[13.2371258  22.73934297  2.67130933]
[11.72045153 21.37823121  4.01031685]
[10.62876281 20.49496427  3.22966714]
[13.03160756 21.55325054  2.25983752]
[11.70810127 22.89487044  0.69671251]
[11.18234502 22.13312776  0.73482246]
[11.70810127 22.89487044  0.69671251]
[13.2371258  22.73934297  2.67130933]
[13.33263799 19.23852729  3.00470814]
[13.06811145 19.51416062  2.55706227]
[13.20007253 19.96610403  1.98699961]
[14.95656022 23.63761158  3.94495953]
[17.98582125 23.96971104  2.65166529]
[18.24275129 23.3362162   2.49559642]
[18.24275129 23.3362162   2.49559642]
[20.08060228 22.52857693  1.05810967]
[22.22192028 21.37301057  0.6599904 ]
[21.24033513 19.53801555  2.14736785]
[23.45079405 22.1995925   3.76743458]
[22.13456153 22.82988573  3.08187626]
[23.23799957 21.63721904  7.14924197]
[22.70912574 20.27134186  3.17995339]
[23.49187818 19.64360642  2.05219621]
[23.36431461 19.22376766  1.68961089]
[22.78808181 20.21493791  3.57152455]
[19.89499119 18.66493162  5.51313648]
[18.28726471 17.00106751  5.3491287 ]
[18.28726471 17.00106751  5.3491287 ]
[16.92382313 21.72664483  6.25995038]
[19.7900483  19.56051778  6.03278503]
[19.18414487 20.4626521   5.96217991]
[19.70429673 20.3494016   2.35685891]
[18.64827595 22.48781522  3.56796008]
[21.00107944 22.82470351  3.59822241]
[17.57483883 21.15067425  3.81601588]
[16.03420824 22.36498829  2.59365458]
[14.62281758 23.27903077  9.6279155 ]
[17.49784894 23.93490179  8.26234858]
[18.51914576 24.73628779  9.44286625]
[18.51914576 24.73628779  9.44286625]
[21.15031591 23.88450103  6.49973704]
[21.45408516 23.85500035  8.05955078]
[18.95587825 24.76853562  9.76293539]
[21.07529562 24.10303689  8.87839457]
[18.51914576 24.73628779  9.44286625]
[19.18414487 20.4626521   5.96217991]
[19.4010137  21.48868834  8.93210775]
[18.7565256  21.57068734  7.21587615]
[22.78808181 20.21493791  3.57152455]
[19.7900483  19.56051778  6.03278503]
[20.02986202 20.49624524  8.63724979]
[19.18414487 20.4626521   5.96217991]
[23.32925559 21.57738549  7.15033308]
[23.94044854 21.78414989  7.37704859]
[23.18509077 20.2144318   8.02506581]
[23.4782719  20.34866756  9.47828824]
[23.58293046 20.4619734   8.06322039]
[24.13042882 20.900087    7.90389672]
[23.3848893  19.08027615  7.05357766]
[22.49526786 20.92118517  3.6236931 ]
[21.15042894 20.7330669   4.31830685]
[18.64827595 22.48781522  3.56796008]
[20.55498138 21.95211878  6.65368029]
[20.55498138 21.95211878  6.65368029]
[20.47750074 23.99345037  5.73239289]
[24.41858174 24.77867838  4.9578384 ]
[24.50412131 24.11374068  2.04989003]
[24.14468322 23.56974043  1.35322832]
[22.70912574 20.27134186  3.17995339]
[23.18031246 21.30580347  0.92606934]
[22.2957136  20.22425099  2.08155262]
[23.91090026 24.9031132   1.7190773 ]
[21.00107944 22.82470351  3.59822241]
[20.24997502 24.71398519  2.35192908]
[17.11026455 24.22582102  4.6054113 ]
[20.47750074 23.99345037  5.73239289]
[18.255191   23.37007153  9.69204556]
[16.72955027 23.78658227  9.32699298]
[16.66358015 24.10163226  7.18382916]
[17.4752274  24.91027773  8.20536644]
[17.36722485 24.81937111  7.35031073]
[18.64827595 22.48781522  3.56796008]
[16.88508104 21.66334345  7.17058905]
[15.84769363 21.29488003  8.37356526]
[19.10508584 24.04987532  7.6805648 ]
[16.86331666 23.03608621  7.23317042]
[17.49784894 23.93490179  8.26234858]
[17.36722485 24.81937111  7.35031073]
[17.49784894 23.93490179  8.26234858]
[21.07529562 24.10303689  8.87839457]
[23.32925559 21.57738549  7.15033308]
[24.13270092 20.18307521  5.41755931]
[23.96289805 21.18704575  4.9056518 ]
[22.197733   21.05563617  6.09221604]
[23.56489469 18.25849355  6.10258736]
[22.76644899 16.3852583   5.90913975]
[22.72960746 16.21229225  6.59687142]
[21.52216348 17.79112282  4.00755025]
[21.97538475 15.55436532  5.35037459]
[21.86372273 16.56854527  1.75381076]
[19.00277307 15.98953458  2.35790468]
[19.10712459 15.73681151  1.7448771 ]
[19.26282691 16.79771448  3.1787713 ]
[20.38209683 15.09940058  6.37843622]
[22.81415016 17.38914402  6.15314387]
[22.90398605 17.68521485  7.36371709]
[22.60479693 16.51628981  9.6481041 ]
[23.08182455 17.68133244  8.52921902]
[22.36577663 17.26045421  8.4343885 ]
[19.69453901 17.71453245  7.00562854]
[19.68540614 19.14185536  6.23549968]
[20.29321492 19.19393805  7.08394239]
[17.31737395 18.65460983  9.4104021 ]
[20.77399192 19.66717171  8.9396078 ]
[20.57522189 19.64930887  5.77147776]
[21.94172383 19.87807096  7.29689381]
[22.9897415  21.75798946  4.6693615 ]
[21.78905681 24.1409962   4.79349289]
[22.49526786 20.92118517  3.6236931 ]
[19.53136608 21.55061166  2.60996718]
[21.24033513 19.53801555  2.14736785]
[23.45824973 16.7863159   1.3373726 ]
[23.73337574 17.43712991  2.2846032 ]
[22.76644899 16.3852583   5.90913975]
[23.14362001 16.99141752  4.27742909]
[21.86657915 19.58251973  4.99617311]
[22.31518206 17.10055855  7.09957745]
[20.7724804  16.26142479  4.2859397 ]
[20.63703365 19.73623149  2.91819385]
[20.56369874 19.68144346  5.81212367]
[21.01095425 18.08932863  8.53724761]
[20.37001178 17.69474556  7.66415634]
[19.50180338 17.42569004  2.24340343]
[19.41891621 17.44859465  6.05451228]
[19.77549306 16.42851568  5.8216975 ]
[20.38003442 15.60534476  6.62752332]
[18.0308864  16.28175101  5.45766007]
[15.822142   18.18615649  5.35192357]
[19.16475421 16.39848434  7.18366269]
[17.40627372 19.08400101  8.98166318]
[19.85160004 17.78094066  9.61026593]
[18.38484665 21.80364046  9.25035634]
[18.00420125 22.46426465  8.61237006]
[17.93348483 22.68901933  6.49795646]
[15.14997879 20.81634376  7.6862793 ]
[17.93348483 22.68901933  6.49795646]
[17.49784894 23.93490179  8.26234858]
[21.05738002 24.01431818  6.44826292]
[20.47774654 22.87546797  4.4312157 ]
[19.50379232 23.28550611  5.2379232 ]
[17.31005225 22.19743472  6.53312377]
[18.7565256  21.57068734  7.21587615]
[18.20611137 20.25914275  7.52728949]
[19.0423008  20.65002975  7.48353045]
[19.76904266 20.62697702  7.60344031]
[18.10884028 21.24205684  5.9694841 ]
[18.7565256  21.57068734  7.21587615]
[18.92575227 23.74085183  8.24825532]
[18.00644349 23.70125862  9.39767141]
[17.96292962 23.73216633  4.98830036]
[18.64827595 22.48781522  3.56796008]
[19.05354892 22.1391449   1.28301495]
[18.65017555 19.16123781  4.16100618]
[19.0423008  20.65002975  7.48353045]
[19.32144849 19.02290639  3.68891132]
[20.52440036 22.45233699  2.40561361]
[22.9897415  21.75798946  4.6693615 ]
[23.82603982 18.05238064  5.38748986]
[22.3591827  15.35478953  1.72007946]
[23.09308885 16.79612537  0.74034884]
[23.39744794 16.41841358  0.92486981]
[24.56676643 15.95846759  3.93611187]
[23.53440664 15.26255801  3.75730148]
[24.37576523 15.04236278  5.00298037]
[24.92893841 15.59578674  1.12304941]
[23.72684017 16.47495563  0.99035073]
[24.30267604 16.20994253  0.63859058]
[23.44577951 18.89774151  4.20782274]
[24.07074036 18.68989494  5.01880077]
[23.81520916 22.58394983  5.97795725]
[24.81139682 21.59115637  4.47426502]
[21.78905681 24.1409962   4.79349289]
[19.75074742 23.70954917  1.99479892]
[19.63578622 23.72567131  5.78519797]
[20.4316688  23.59375547  5.93788698]
[19.47339623 23.82915694  9.56773271]
[19.4010137  21.48868834  8.93210775]
[20.77582004 22.68344787  9.37034259]
[20.55498138 21.95211878  6.65368029]
[24.94735824 20.79537296  5.56663642]
[24.70938532 20.55772698  6.06134387]
[24.30850728 20.9892461   5.49968568]
[23.01951254 19.98624663  4.04987657]
[24.4073178  22.28865233  2.78077932]
[24.40048027 22.27497458  4.40630534]
[24.56821642 24.45903564  4.72060232]
[24.50412131 24.11374068  2.04989003]
[23.9370422  23.80690774  5.55282655]
[22.61431989 23.67664994  9.22989254]
[22.25722465 24.59104173  9.48044517]
[22.69002917 22.91295607  9.09755332]
[20.47314364 22.35754741  7.68143311]
[20.55498138 21.95211878  6.65368029]
[19.85160004 17.78094066  9.61026593]
[18.02294107 18.88799114  8.55372619]
[17.03805568 17.68468314  7.50005272]
[17.16317672 16.60273623  4.19953215]
[15.3098667  17.31916596  0.66863691]
[18.19018333 18.11611968  4.00105731]
[17.16317672 16.60273623  4.19953215]
[21.15042894 20.7330669   4.31830685]
[19.44603345 21.45193532  2.7723907 ]
[19.8975557  21.03668028  2.64560048]
[18.64827595 22.48781522  3.56796008]
[18.176404   22.0591583   0.89988036]
[19.75074742 23.70954917  1.99479892]
[17.11026455 24.22582102  4.6054113 ]
[18.176404   22.0591583   0.89988036]
[17.11026455 24.22582102  4.6054113 ]
[18.64827595 22.48781522  3.56796008]
[19.48788741 22.48264552  2.81747183]
[18.95269802 23.2391855   5.8987313 ]
[16.24315331 20.91607174  3.53300502]
[16.27422035 20.27531165  3.60464181]
[16.24315331 20.91607174  3.53300502]
[13.17298327 23.05733028  2.04585082]
[16.24315331 20.91607174  3.53300502]
[15.68772606 19.86948169  3.04503417]
[14.17235274 19.95026799  0.53375298]
[13.11077863 20.43111965  1.67045154]
[11.7112918  21.35708894  2.7765186 ]
[ 8.9911017  22.4982083   4.28890797]
[10.39815871 19.1735307   2.57975764]
[ 9.50744363 19.44415645  2.62619733]
[ 8.02408563 20.82656032  3.45046053]
[ 9.22570744 22.38670178  8.01967872]
[ 8.79332127 22.85331354  6.88825071]
[ 9.27380221 23.43246287  5.56744564]
[10.56150536 23.47542131  7.34808544]
[ 8.54200789 18.32937624  6.61029622]
[12.41570318 21.28094979  5.55163659]
[13.42390718 21.05689348  7.40273434]
[12.96479173 21.1108819   8.63558301]
[12.96479173 21.1108819   8.63558301]
[ 9.89709354 22.74298575  8.36798211]
[12.74469811 21.99323552  7.32530234]
[11.0770951  21.49951362  7.41909874]
[12.96479173 21.1108819   8.63558301]
[11.0770951  21.49951362  7.41909874]
[11.16508517 19.29727148  6.27554398]
[10.23074321 17.85009578  4.0677924 ]
[10.35015538 15.95141673  6.68901996]
[11.74379927 17.7925741   6.1294057 ]
[12.04785691 19.87245885  2.73206154]
[16.23574581 20.23085987  4.64194442]
[15.68772606 19.86948169  3.04503417]
[13.94399031 17.17487321  3.86113886]
[10.39815871 19.1735307   2.57975764]
[ 8.80071956 15.42391677  5.0088478 ]
[ 9.32056908 15.44607094  4.04920882]
[ 9.1645916  15.65165365  2.81606143]
[ 8.50787332 16.4203089   2.66516144]
[ 8.32140386 16.13709649  1.47890418]
[ 5.80610274 19.53142549  1.00242326]
[ 2.08537745 19.66947     1.15401181]
[ 2.43083086 20.01509343  0.09470418]
[ 5.22529498 16.73419276  0.95885593]
[ 4.18481494 16.89180357  3.00344484]
[ 3.96654575 18.24335277  3.57975117]
[ 2.00936274 17.50322147  1.35002164]
[ 2.03095817 16.85537943  3.48733329]
[ 3.53180907 19.33971223  3.73966129]
[ 4.49833305 22.49901881  7.46110428]
[ 2.33738827 20.6544332   8.88090715]
[ 2.3855156  20.41805435  6.71767597]
[ 0.19188058 18.82620794  3.74652768]
[ 1.92067013 18.13677245  1.80647482]
[ 2.03095817 16.85537943  3.48733329]
[ 2.73539059 18.37427025  3.26840722]
[ 2.43083086 20.01509343  0.09470418]
[ 3.1860439  22.24232685  4.11926981]
[ 3.53180907 19.33971223  3.73966129]
[ 0.06055135 21.0544124   5.52033339]
[ 3.1860439  22.24232685  4.11926981]
[ 2.70737964 23.07652677  8.53222896]
[ 2.73594339 24.52855672  7.01991751]
[ 2.68037265 24.36445354  4.65068621]
[ 4.49833305 22.49901881  7.46110428]
[ 5.71423109 21.76266098  2.72344283]
[ 6.61110692 19.12108624  2.16204137]
[ 8.14016123 17.49757348  3.05542568]
[ 6.7707598  15.73462872  5.25648905]
[ 6.95951496 15.79030947  1.99104238]
[ 7.78609795 15.50557921  1.95832415]
[ 7.22613499 16.60855115  1.93773905]
[ 7.81185092 16.73537404  6.14327723]
[ 4.11306434 18.217024    8.84129367]
[ 6.71570763 17.89368609  4.15783952]
[ 8.28306715 17.96660385  1.97649881]
[ 9.32056908 15.44607094  4.04920882]
[ 8.32140386 16.13709649  1.47890418]
[ 9.74913977 19.35258893  1.76248405]
[ 9.84071523 21.19223739  6.31101961]
[11.76202674 16.77740783  5.51665853]
[11.45573829 17.07060197  2.03179924]
[11.21301411 17.30847882  2.45462129]
[11.78655577 16.9779069   2.52995055]
[12.40372994 16.07108768  3.45687471]
[ 9.0829387  18.03823342  2.766911  ]
[10.93478172 18.01777767  2.74769196]
[13.19170326 17.67684009  1.26845965]
[12.92446438 16.89749332  0.5633408 ]
[13.09399197 16.83128794  3.97003767]
[ 8.32140386 16.13709649  1.47890418]
[10.76627193 16.82005403  2.0269682 ]
[ 9.57297172 17.34978641  3.6745834 ]
[ 7.418853  17.3615141  4.121922 ]
[ 7.46094289 17.52833379  6.37438573]
[ 8.54200789 18.32937624  6.61029622]
[ 5.26284328 17.0397513   5.38326071]
[ 5.65861648 16.52293198  8.66452718]
[ 5.65861648 16.52293198  8.66452718]
[ 5.65861648 16.52293198  8.66452718]
[ 5.26284328 17.0397513   5.38326071]
[ 5.22529498 16.73419276  0.95885593]
[ 4.92509106 22.9911749   1.60658795]
[ 3.67689138 20.3841837   0.26558531]
[ 3.61844451 20.69996598  0.85332774]
[ 4.53762554 18.26072665  4.40610751]
[ 3.24733213 15.88328039  0.62428931]
[ 3.52512649 15.2073214   0.83213971]
[ 4.29720858 16.74103496  2.72832197]
[ 4.56868094 16.76033885  3.61464811]
[ 5.15440789 17.65631763  3.49688311]
[ 4.49679627 15.96345554  1.15186369]
[ 4.15355638 15.31790109  6.44743525]
[ 8.1435158  15.12261666  6.2711953 ]
[ 8.14561316 15.12065168  8.7215782 ]
[ 8.24711623 16.2449168   8.6826711 ]
[ 8.54613119 18.385734    8.23576716]
[ 8.1435158  15.12261666  6.2711953 ]
[ 6.87615625 18.34335629  6.39219083]
[ 6.86734036 16.91746702  8.5634033 ]
[ 6.86734036 16.91746702  8.5634033 ]
[ 7.81185092 16.73537404  6.14327723]
[ 9.4624589  16.91230129  7.41480823]
[ 7.25857961 17.65986177  8.90422373]
[ 3.08822494 20.47937933  7.30948127]
[ 7.81185092 16.73537404  6.14327723]
[ 7.33897703 17.55989721  3.81228916]
[ 6.60330697 17.0937993   3.44451109]
[ 5.26284328 17.0397513   5.38326071]
[ 4.29720858 16.74103496  2.72832197]
[ 2.6106808  20.21477848  0.23195194]
[ 2.08537745 19.66947     1.15401181]
[ 0.59351223 24.30911813  2.06144533]
[ 0.84007556 24.61980024  0.66609024]
[ 3.24456805 23.58302369  3.0342172 ]
[ 1.83830468 22.73108251  2.89264726]
[ 0.54163653 23.48084982  3.28493396]
[ 0.59989205 23.50508963  4.19113474]
[ 0.04547543 24.73606971  6.4298192 ]
[ 1.25028727 24.911236    9.33382486]
[ 1.90491251 24.6812037   8.87465157]
[ 1.90491251 24.6812037   8.87465157]
[ 1.51815138 22.67090727  5.32045137]
[ 1.35111999 23.71361604  7.17300954]
[ 4.49833305 22.49901881  7.46110428]
[ 4.0280309  24.15194804  7.78892072]
[ 1.51815138 22.67090727  5.32045137]
[ 1.5045046  24.63082386  5.46766158]
[ 1.86471873 23.00564692  4.81641306]
[ 2.68037265 24.36445354  4.65068621]
[ 0.06055135 21.0544124   5.52033339]
[ 0.06055135 21.0544124   5.52033339]
[ 0.77565456 18.55570389  6.29675399]
[ 1.22318253 17.73916022  7.79540827]
[ 1.47716806 18.19376175  7.54354413]
[ 2.171031   18.65035763  5.25720602]
[ 1.48499847 17.31776079  5.31256982]
[ 3.30992415 18.43844891  8.62731416]
[ 5.85587653 15.94011588  5.8684894 ]
[ 6.32335159 16.7589634   4.78965125]
[ 2.66024939 17.62610414  2.07085556]
[ 3.13147173 17.71654539  2.46190279]
[ 5.25909956 18.55804095  2.14631999]
[ 5.15440789 17.65631763  3.49688311]
[ 5.28756648 17.61874436  0.89255943]
[ 5.70283683 19.51582691  0.09110966]
[ 5.33904831 18.16154804  1.36750144]
[ 5.26284328 17.0397513   5.38326071]
[ 5.83234916 18.02350572  3.33722676]
[ 6.60330697 17.0937993   3.44451109]
[ 5.992166   16.44608494  2.7420414 ]
[ 8.23618255 17.04724434  5.54407417]
[10.18854201 17.86220021  5.34947901]
[ 7.27412434 21.03637326  2.95426881]
[ 8.02408563 20.82656032  3.45046053]
[ 6.79025977 23.39675317  5.83596946]
[ 8.98943263 20.44510767  3.58905793]
[ 8.29555315 21.15059804  5.29272176]
[ 8.29555315 21.15059804  5.29272176]
[ 6.79551273 21.68754349  6.19875459]
[ 4.82417366 20.88687915  3.23199301]
[ 3.1860439  22.24232685  4.11926981]
[ 5.26284328 17.0397513   5.38326071]
[ 6.17016589 18.39546752  5.64426162]
[ 6.79038619 17.72611904  4.80596852]
[ 8.54200789 18.32937624  6.61029622]
[ 8.98943263 20.44510767  3.58905793]
[ 3.61844451 20.69996598  0.85332774]
[ 7.77285548 18.76969194  4.65176111]
[ 6.79038619 17.72611904  4.80596852]
[ 5.79550282 15.98825529  4.50706013]
[ 8.23618255 17.04724434  5.54407417]
[ 8.2014878  19.71010714  6.09824212]
[ 8.09396574 20.76108163  7.40178587]
[ 8.2014878  19.71010714  6.09824212]
[ 8.2014878  19.71010714  6.09824212]
[ 7.14283571 18.93637188  7.35912722]
[ 6.36024757 23.69093898  7.0353605 ]
[ 8.57626428 24.31696033  7.97730883]
[ 7.3298044  22.60550769  9.56724798]
[ 7.54095365 23.11152726  6.66238346]
[ 8.29289355 23.89523698  4.1035566 ]
[10.33524752 23.30505599  0.54853719]
[ 9.06800048 24.88344677  1.14685617]
[ 8.9911017  22.4982083   4.28890797]
[10.58231284 23.88505295  4.17361374]
[12.73053673 20.23633591  2.34691759]
[10.19778393 24.17688883  4.05654905]
[10.42432864 24.05490816  2.10025631]
[10.63291322 23.58662656  2.64696935]
[11.15444533 24.23971076  0.6280967 ]
[11.7112918  21.35708894  2.7765186 ]
[10.66871526 21.92214226  5.0239531 ]
[11.41201466 22.13818073  5.04051955]
[15.17654776 21.81246824  4.82904063]
[13.97982346 20.30188098  9.25673331]
[13.89842974 19.8591521   7.86426999]
[13.89842974 19.8591521   7.86426999]
[13.33263799 19.23852729  3.00470814]
[12.19207523 19.93405009  4.1864649 ]
[14.58504495 16.34549205  2.06479926]
[18.9380097  18.67758905  1.67203821]
[17.73508468 19.73856377  4.62985464]
[17.85951317 19.29439163  5.43262727]
[17.06410338 19.98441169  5.97308174]
[16.58895452 21.05542616  4.67170842]
[17.48623525 17.98935164  6.93609293]
[19.43681562 18.2680568   7.82957832]
[20.79169747 20.32543077  5.12630528]
[19.90050725 20.99534292  3.3837901 ]
[14.90929693 19.96756016  5.67651199]
[15.92039552 21.9178492   6.09896006]
[15.68772606 19.86948169  3.04503417]
[14.23789212 21.07480204  3.68109142]
[16.13633728 19.2382641   2.14870569]
[18.176404   22.0591583   0.89988036]
[16.96370324 17.50634933  0.11086333]
[17.6694115  15.43127136  1.21573328]
[16.39645457 14.38340023  5.34937998]
[18.70903324  9.96473983  5.10399535]
[22.43071974  9.42939152  5.58743363]
[21.72433617  7.95199699  5.36150416]
[20.84812972  8.08880109  6.64291782]
[23.79433555  6.77498437  5.44722106]
[20.79664993  4.68690159  8.85645159]
[20.97330173  5.15430622  8.28153982]
[21.8584594   5.72946681  7.63387353]
[20.30733904  5.22092087  6.6669995 ]
[19.96924404  5.88861333  8.06916025]
[19.19924727  9.17542628  3.19880841]
[20.92768205  6.74254686  5.38514816]
[21.4772702   9.31635396  2.49946228]
[20.75525739  7.58382011  3.96326032]
[23.52280935  7.15192568  5.9323908 ]
[20.2403712   8.38074166  8.26398391]
[19.4094756   7.70335361  9.27192675]
[16.77851552  6.36448828  9.05102676]
[16.6200694   7.23065555  9.89634803]
[17.26379454  8.96586065  9.43000448]
[17.51167226  9.20028725  7.53635774]
[17.01545427  9.09256538  5.60484933]
[17.24043035  8.83659941  4.06084374]
[19.34340531  7.87198333  5.29299508]
[20.38737089  7.74256708  5.34840765]
[19.96725021  7.87314351  1.80899672]
[20.75525739  7.58382011  3.96326032]
[21.4772702   9.31635396  2.49946228]
[20.07775146  6.79227815  4.97271056]
[19.57143315  4.41412861  2.2754734 ]
[20.38752336  3.79745838  2.34179446]
[23.27653275  6.88878677  2.752598  ]
[19.57143315  4.41412861  2.2754734 ]
[21.43449495  3.46913565  0.96720994]
[21.07392946  5.84338838  3.5163141 ]
[21.58679981  6.1042066   1.53822902]
[20.84812972  8.08880109  6.64291782]
[22.0389998   6.18506928  1.80127846]
[23.74090888  7.78074871  2.31403764]
[23.74090888  7.78074871  2.31403764]
[24.48322498  6.42588319  1.97754694]
[23.03048152  8.68119704  3.34364809]
[23.74090888  7.78074871  2.31403764]
[22.96072124  9.19929102  1.16347391]
[24.27639256  9.7633584   4.99962021]
[24.13481086  9.43627199  8.30760861]
[23.26995991  6.84330984  5.24489061]
[23.52280935  7.15192568  5.9323908 ]
[23.34455945  6.43440307  8.35690024]
[21.99268181  6.3211997   6.16584855]
[20.82199652  5.96628015  7.34918012]
[14.25439067  8.00491041  7.10539205]
[13.22359724  4.12424535  4.37828772]
[12.44362295  4.08463527  5.42599423]
[13.01370804  4.29203426  5.57971897]
[12.44362295  4.08463527  5.42599423]
[9.93742464 4.6670663  4.25045743]
[12.70740234  4.83028069  4.71408281]
[15.01726876  8.85434945  3.20236615]
[12.56273592  9.23771665  2.37624696]
[11.57950124  8.9372681   3.53165065]
[11.84180717  8.81876436  4.26072232]
[15.01726876  8.85434945  3.20236615]
[14.8746234   5.14882602  3.38306766]
[11.98071188  3.61274441  2.78680146]
[9.65085823 4.72088362 3.05487745]
[10.34290161  5.76046234  4.42191703]
[11.23743478  6.28195124  3.84298842]
[6.61754021 6.49361775 3.39864274]
[6.59499181 6.48144216 6.42717821]
[10.34290161  5.76046234  4.42191703]
[9.19188543 1.17699275 3.35815417]
[9.22141085 1.22745649 5.74565308]
[9.24131919 1.90678942 4.65836155]
[4.97699547 0.48756711 2.90684597]
[8.22509771 1.40440956 1.65926754]
[7.32995905 2.7573657  2.87632933]
[9.65085823 4.72088362 3.05487745]
[7.84404443 7.27663893 1.25338522]
[7.84404443 7.27663893 1.25338522]
[9.02478213 7.4500892  1.93600426]
[8.31622917 6.66831219 4.35496109]
[8.26056067 7.35920098 0.17985329]
[12.16262669  8.22024069  0.09570411]
[11.0813694   7.67134039  0.7467473 ]
[10.91523764  7.23537326  0.98993007]
[10.46287603  7.53939263  1.18815943]
[10.0102836   8.10126996  1.48333587]
[9.8606394  7.37188571 1.56953445]
[11.63313767  7.76462275  4.10835149]
[9.86722087 5.57694199 1.52753939]
[10.09616295  2.00168347  0.01771829]
[10.50085918  1.93277254  1.20481428]
[12.24279149  3.57543793  0.16441021]
[11.98071188  3.61274441  2.78680146]
[13.98066763  5.79699429  4.99021735]
[16.54303693  6.63730889  6.06119231]
[14.79214326  3.69671075  7.87338749]
[12.9375092   5.66777374  7.99461075]
[12.78944559  4.79395675  7.05341411]
[14.06323219  3.59826002  9.16775561]
[12.9375092   5.66777374  7.99461075]
[16.38881684  4.2416919   8.95151658]
[16.68166878  4.37781412  7.29269309]
[18.13378853  4.33112496  5.94596724]
[20.60460284  3.93289198  6.61812731]
[22.93524739  3.03350074  4.74046428]
[19.57143315  4.41412861  2.2754734 ]
[16.98615168  0.14649694  2.22054287]
[16.05166024  1.15760892  5.87112259]
[14.08963002  2.67221885  5.64437004]
[10.97300731  1.43904094  8.22500835]
[12.03399504  1.95002288  7.09593393]
[11.85106734  2.91927758  9.55678931]
[14.23362804  5.94929826  6.99559281]
[11.85106734  2.91927758  9.55678931]
[13.61596627  4.77846173  5.3407127 ]
[14.24958305  3.63403436  8.70477657]
[13.55810039  8.56086488  8.91340383]
[16.30266037  6.02766583  6.06958609]
[16.91940725  5.26077658  6.26286716]
[18.77691277  4.06590739  6.67651036]
[18.77691277  4.06590739  6.67651036]
[17.26379454  8.96586065  9.43000448]
[17.09161981 13.94531002  9.05534791]
[16.74028989 13.55454207  9.89829716]
[16.69495237 13.54692862  8.04689121]
[17.26379454  8.96586065  9.43000448]
[17.35954447 11.48234669  9.98706657]
[16.88823252 11.10496294  6.37164304]
[17.35954447 11.48234669  9.98706657]
[17.49227812 11.15225626  7.52805902]
[16.87631915 14.16744327  5.97163347]
[15.81982001 15.61552713  6.44525252]
[15.05280152 17.37552049  9.35388809]
[13.87805977 16.41732748  5.45108287]
[15.08279503 17.00851127  4.02246546]
[15.14211181 16.3565849   5.54690498]
[14.72015054 17.50696595  0.90848327]
[15.5676807  17.40831355  5.16112825]
[19.56831882 17.87605544  3.7991065 ]
[15.81982001 15.61552713  6.44525252]
[14.91984196 18.3218402   2.74597152]
[16.13633728 19.2382641   2.14870569]
[14.91984196 18.3218402   2.74597152]
[14.00498966 21.08665573  2.82796648]
[16.13633728 19.2382641   2.14870569]
[14.37308536 18.33022696  4.8000233 ]
[14.09826295 19.28827684  1.70780562]
[13.61151954 19.62784159  4.48070838]
[11.27577163 19.00653422  8.4301097 ]
[10.18854201 17.86220021  5.34947901]
[10.23074321 17.85009578  4.0677924 ]
[14.65223765 19.23495204  8.0005695 ]
[12.30882967 15.38516289  7.75739672]
[12.30815414 15.64444816  7.16166897]
[11.85491091 17.73008674  4.44886486]
[15.1823092  16.8963445   2.10423479]
[14.47623639 16.32200843  3.27367259]
[14.37308536 18.33022696  4.8000233 ]
[13.07199285 18.28894297  8.94981512]
[11.38143581 19.87108079  9.94833399]
[11.6187692  19.79214569  9.3071146 ]
[11.74800711 18.08116412  7.60301914]
[ 9.62149296 18.79852457  8.49404657]
[ 8.01312719 17.26753479  7.54887819]
[ 7.85499534 16.99895633  6.10818921]
[ 6.750394   17.12515756  6.35842959]
[ 5.85587653 15.94011588  5.8684894 ]
[ 5.56138362 16.74992262  6.27512985]
[ 3.95200849 16.63825142  7.42395937]
[ 3.66436743 16.5979757   6.70986966]
[ 6.70295847 16.95375777  7.79037953]
[ 6.71570763 17.89368609  4.15783952]
[ 4.28515027 21.77353843  3.60255487]
[ 0.06055135 21.0544124   5.52033339]
[ 3.08822494 20.47937933  7.30948127]
[ 4.73026155 22.51716511  4.01959716]
[ 7.67069214 22.51865227  4.46484525]
[ 4.47882995 22.86738371  4.73776462]
[ 4.47882995 22.86738371  4.73776462]
[ 6.41980436 19.67490758  4.50489431]
[ 3.89842845 21.80425645  4.60909293]
[ 4.73026155 22.51716511  4.01959716]
[ 3.45176524 23.86431836  2.5642669 ]
[ 1.48217215 21.30018283  0.57812328]
[ 1.49608295 21.33673058  1.72647082]
[ 1.20204335 21.24797788  3.01084483]
[ 1.20204335 21.24797788  3.01084483]
[ 1.48217215 21.30018283  0.57812328]
[ 0.80649964 18.49595251  4.55142084]
[ 1.49325662 16.57849148  6.29787778]
[ 1.93663174 14.94144879  6.44154405]
[ 3.13147173 17.71654539  2.46190279]
[ 0.06055135 21.0544124   5.52033339]
[ 1.18673929 19.53189512  7.26037268]
[ 2.171031   18.65035763  5.25720602]
[ 0.84969367 19.25968265  5.58696714]
[ 0.84969367 19.25968265  5.58696714]
[ 2.14656646 20.53657388  7.55754476]
[ 1.7041657  20.23697746  7.10958225]
[ 1.4732122  18.60842173  6.95644277]
[ 6.71570763 17.89368609  4.15783952]
[ 2.78921032 18.07958753  4.71690515]
[ 1.71264992 18.71140452  0.99848302]
[ 0.84969367 19.25968265  5.58696714]
[ 2.70737964 23.07652677  8.53222896]
[ 1.25028727 24.911236    9.33382486]
[ 2.12453618 23.94450791  8.99903767]
[ 0.06055135 21.0544124   5.52033339]
[ 1.24500782 21.65801859  8.22677147]
[ 2.0386131  20.04995346  7.58339467]
[ 1.11135417 22.3945351   5.23086113]
[ 1.20982778 20.02579053  9.39656056]
[ 1.9845266  19.40602533  5.78731366]
[ 2.3855156  20.41805435  6.71767597]
[ 4.79274793 18.8018761   7.2492675 ]
[ 2.78921032 18.07958753  4.71690515]
[ 1.46285439 12.48668149  4.6608463 ]
[ 1.80290678 13.71448882  6.06919899]
[ 2.21949125 12.43458998  1.68516032]
[ 1.35811767 11.6340138   1.19994454]
[ 1.06491647 11.05515721  1.32999048]
[ 1.17048068 12.98104438  3.77659411]
[ 0.03008063 11.0992609   2.71332148]
[ 2.01745498 11.6098077   3.98867705]
[0.17842476 7.98858354 3.27734789]
[0.13260472 8.0094853  4.42629678]
[0.17842476 7.98858354 3.27734789]
[0.86947884 9.12791784 2.54670556]
[3.53942973 9.59930414 1.5498176 ]
[7.02759735 8.25919673 5.10664812]
[2.55207693 9.72359385 5.38429609]
[2.33333425 7.74052056 6.20435385]
[8.31622917 6.66831219 4.35496109]
[7.02759735 8.25919673 5.10664812]
[7.25322771 8.18887324 9.23983967]
[8.33945163 7.77074637 8.36690616]
[9.21701077 6.63274388 7.79331238]
[10.52724044  5.16139692  6.51914367]
[11.98071188  3.61274441  2.78680146]
[13.27569813  3.20736495  1.56165716]
[13.06037539  3.83825671  4.08565424]
[10.78918685  5.56524249  5.684717  ]
[12.34300722  5.14593299  7.39607112]
[11.3059958   5.23375732  8.24903035]
[11.3059958   5.23375732  8.24903035]
[12.36471991  6.10243804  7.79458724]
[12.44362295  4.08463527  5.42599423]
[13.84069409  1.55208779  4.24613617]
[14.24958305  3.63403436  8.70477657]
[10.34290161  5.76046234  4.42191703]
[11.84180717  8.81876436  4.26072232]
[17.98368616  5.14912009  2.18277156]
[19.433625    8.47584586  3.69870707]
[19.19714765  8.22431814  2.49787908]
[19.1632642   8.21123192  1.48909595]
[19.1632642   8.21123192  1.48909595]
[17.76153362  7.84968867  1.96403962]
[15.75602551  6.32245233  2.91452733]
[15.48537449  5.67873449  2.8125976 ]
[17.3035891   6.85597996  3.82004295]
[12.99786614  4.6960196   2.76187662]
[12.99786614  4.6960196   2.76187662]
[9.86722087 5.57694199 1.52753939]
[8.5430877  4.15375964 2.09923422]
[6.73411596 5.29851094 3.0088407 ]
[7.32449989 4.99734659 3.12977269]
[6.15434825 3.50927495 6.08776962]
[8.56236025 4.78349036 4.3498437 ]
[8.58620041 4.79114687 3.5759511 ]
[8.59371004 5.529333   6.89994066]
[9.61923552 1.36859091 5.91277782]
[11.73735301  0.29327672  5.99764586]
[13.77222299  1.47252025  5.82016018]
[11.7345766   2.73521052  3.88185578]
[14.23362804  5.94929826  6.99559281]
[15.82425929  1.42279882  6.99644109]
[13.54910391  2.57691572  8.086264  ]
[15.54397355  2.94044224  8.73562167]
[17.23384881  0.99942036  9.37198847]
[17.23384881  0.99942036  9.37198847]
[10.97300731  1.43904094  8.22500835]
[15.82425929  1.42279882  6.99644109]
[17.23384881  0.99942036  9.37198847]
[18.17954005  0.81592042  9.24889038]
[18.62162464  0.97739317  6.74137524]
[18.82769271  1.00692205  5.17299834]
[18.91713041  0.37577974  4.82205875]
[18.27524353  0.48705879  4.13955459]
[15.49498739  3.25461505  7.43278023]
[15.49498739  3.25461505  7.43278023]
[15.19279173  3.16358744  5.35621328]
[15.54397355  2.94044224  8.73562167]
[14.08963002  2.67221885  5.64437004]
[12.03399504  1.95002288  7.09593393]
[13.50264507  1.9253474   3.91825619]
[11.76715778  4.59098326  3.75344846]
[11.76715778  4.59098326  3.75344846]
[11.76715778  4.59098326  3.75344846]
[10.52724044  5.16139692  6.51914367]
[14.25439067  8.00491041  7.10539205]
[14.96473537  7.82138903  4.96109639]
[13.73600216  7.32898021  6.57306691]
[12.78944559  4.79395675  7.05341411]
[16.18745706  4.75645721  8.54497774]
[15.24900556  5.56946591  8.91134575]
[15.21952457  5.70720666  7.95105442]
[16.30266037  6.02766583  6.06958609]
[14.05419519  5.07930496  3.79656231]
[13.06179907  3.57674443  3.63166544]
[14.40788567  0.62770365  0.97767671]
[19.6540591   0.22118443  3.00920409]
[20.50278056  0.74261308  1.7262959 ]
[18.87958891  4.94496453  0.65240004]
[19.1178399   3.52828705  4.93552501]
[17.9604684   5.7919915   8.31244688]
[15.06398514  7.46149188  5.55232943]
[15.72943619  7.12888162  5.67783987]
[15.03341913  7.06054228  3.62897533]
[16.37316711  7.41272095  4.26109099]
[18.13378853  4.33112496  5.94596724]
[20.1086719   5.53985041  6.13293957]
[16.7263385   4.40879929  4.33730381]
[19.0999156   5.20428155  5.73008367]
[17.32653022  8.83121034  6.14738569]
[17.01112199  8.34166244  6.72693414]
[17.01545427  9.09256538  5.60484933]
[14.79556192  9.59924696  6.01514808]
[15.02446242  9.66952306  4.61873239]
[15.56132999  9.55189545  3.72540535]
[15.01726876  8.85434945  3.20236615]
[12.56273592  9.23771665  2.37624696]
[17.76153362  7.84968867  1.96403962]
[18.85101399  9.36205309  5.88258305]
[18.85101399  9.36205309  5.88258305]
[21.62791627  9.94687442  7.26580348]
[23.01294994  7.88117933  6.07538427]
[20.29108338  7.81194559  5.44388014]
[16.09267083  6.58636529  5.86549087]
[15.37402316  6.79859758  6.22617938]
[15.3834005   6.45993228  2.13396213]
[11.31642625  5.3750748   5.19297609]
[7.84404443 7.27663893 1.25338522]
[4.88785834 6.91836569 4.81652636]
[5.43671402 6.74993811 5.24130467]
[8.24199149 8.09377808 4.97671765]
[7.90383071 7.7658117  5.31590034]
[7.02759735 8.25919673 5.10664812]
[10.67829368  8.87028619  3.93037661]
[11.63313767  7.76462275  4.10835149]
[10.18086977  7.85184379  7.37316198]
[12.86930992  8.91640955  7.09928607]
[11.7908199   6.36716243  5.80943567]
[10.91523764  7.23537326  0.98993007]
[11.53378439  2.91496147  0.1145062 ]
[11.53378439  2.91496147  0.1145062 ]
[14.40788567  0.62770365  0.97767671]
[17.17088009  0.62377321  3.7459801 ]
[17.31808875  5.32869162  3.61418588]
[20.51023013  4.02659454  6.24128992]
[17.90940513  3.58612552  5.85899116]
[17.944847    3.52235693  1.19748551]
[17.944847    3.52235693  1.19748551]
[17.31808875  5.32869162  3.61418588]
[18.8421323   4.72666049  6.99737385]
[14.23362804  5.94929826  6.99559281]
[17.01545427  9.09256538  5.60484933]
[16.91021013  4.9528043   6.05881485]
[16.91021013  4.9528043   6.05881485]
[16.89401023  3.51885183  6.84008387]
[15.71414519  3.22361117  8.1921801 ]
[16.25340663  2.72281815  7.38588114]
[16.47848944  2.526678    2.5914297 ]
[18.87958891  4.94496453  0.65240004]
[18.60045552  2.61008069  1.76758191]
[18.01661564  4.87100101  1.48978169]
[20.35343544  3.23547887  3.89082996]
[18.8421323   4.72666049  6.99737385]
[17.91894735  7.3324355   4.87169866]
[17.20620102  4.66413819  5.29930598]
[19.55436977  1.056902    3.05869057]
[22.5  2.5  3. ]
[23.46711937  1.53370152  5.25633484]
[19.26522799  1.92173839  7.12720325]
[16.8564063   2.66975604  6.93184627]
[17.61734314  3.58770762  6.62381285]
[18.58628958  2.74322847  1.79493364]
[16.47848944  2.526678    2.5914297 ]
[13.64783564  1.37547802  0.9734015 ]
[12.31478468  2.02018618  2.03250366]
[11.53378439  2.91496147  0.1145062 ]
[12.2210859   0.77587499  0.73120651]
[8.89193883 0.27784567 1.91728191]
[8.41931392e+00 2.63235203e-03 2.56810893e+00]
[5.51465425 0.55441873 2.36713592]
[6.20719849 1.94994151 3.49982447]
[6.92550455 1.87390887 5.0264772 ]
[6.5328365  2.29424252 4.63595842]
[3.98616783 2.8832308  2.19756502]
[4.18332743 3.28661853 3.23619777]
[4.49000616 2.575175   3.79338829]
[3.88898654 1.0898962  5.77784017]
[9.70209989 0.92925423 8.57612912]
[4.86048123 3.07912909 9.35655994]
[2.17505749 3.51189059 5.604573  ]
[2.17505749 3.51189059 5.604573  ]
[4.39917879 3.43587957 6.30318806]
[4.23640689 3.64225571 4.13019452]
[2.60242399 5.7822578  4.09477735]
[2.50800697 6.28296235 3.21893194]
[2.89332321 8.48996479 2.94612548]
[2.33333425 7.74052056 6.20435385]
[4.02058373 9.92933898 9.06792476]
[ 2.0923245  12.7320778   8.79071185]
[0.65978684 9.41692561 8.1354651 ]
[0.86215611 9.13702794 8.94824224]
[ 2.16577188 10.09017575  7.51264262]
[4.55888276 9.06616181 1.71269415]
[6.13264495 7.2857675  5.19138446]
[6.61754021 6.49361775 3.39864274]
[7.84404443 7.27663893 1.25338522]
[3.26506928 6.57565108 0.99396376]
[2.64282163 7.66726291 0.39348584]
[1.14917954 9.39869495 3.52101681]
[2.30640491 8.45992434 7.49283687]
[0.05584588 5.64694936 6.33723629]
[2.26478932 5.35576335 6.39603906]
[1.48594597 5.71741673 6.23611773]
[1.39885593 5.31656725 4.51756902]
[0.00609064 1.42830046 2.01477784]
