0
0.5211916245738464
1.5648856617806306
2.5351201501674225
3.330270462715212
4.0454760660467315
4.583879777913509
4.92901281222274
5.613213437415615
6.8197325462468115
8.497449697228976
10.06548224438757
10.78988709762378
11.674825024247086
13.164137228593837
14.553768947350623
15.445622524284634
16.430389931758125
17.9274945740391
19.60054795382388
21.459073062511493
22.531581507089765
23.1632344368276
24.62180495722862
25.715165126100768
26.810434204067466
27.919183319433238
29.009047312654552
30.163168571952024
30.838753073699657
31.640062099166293
32.20187797001839
32.988997501695565
34.27322712682661
35.92059084151159
37.0486854519869
37.66480939340476
38.24395514166389
39.113940475050896
40.354572663540786
41.30361003213024
42.136164997775644
43.456683265198606
44.51761357429611
45.00610495360591
45.76364704304838
46.63900418294482
47.37063323398367
48.51986428587979
49.950712599356464
51.38192731363504
52.78315298265848
54.13941756095092
55.70783061830761
56.58869842857304
56.90757638470032
57.44733497668771
58.576570109604525
59.61901785226161
60.230926466081016
61.426618206570396
62.77715567896615
63.70226296628773
64.41694033795912
65.06873774255645
65.73762595987182
66.33266696830736
67.00124675799984
67.83596744670928
69.07683394198072
70.28644512009798
71.28559425207985
72.0689381644075
73.1406790238481
74.3669142367047
75.11246922417183
75.93568331546862
76.72566288044321
77.62514468804588
78.8123081748648
79.93031301066105
81.2129280102179
82.78939992186304
84.45075250848473
85.83473324395086
87.15063772905589
88.44235333110646
89.50996145743929
90.6350931844876
91.94028682962667
93.16520721229926
93.9484028440308
94.8952862146354
95.8044420522211
96.64520452161162
97.32356808936584
97.90089915169636
98.49009687065316
99.45970359903677
100.66499838378273
101.79199835984107
103.00785815155206
104.29974571618607
106.05931483394409
107.39800397322523
108.15236795470611
109.22064788571154
110.16267268255403
111.28856210909846
112.28979256479647
113.08315352509699
114.64788930634356
116.20937065436433
117.57185916165793
118.9920707305167
120.13826753135925
120.92741899824131
121.51463348488178
122.26484023870172
123.08010383738498
124.11453433180549
125.86103072054811
127.790639328567
129.37699066377223
130.22216789782527
131.18717144157054
132.67565810495307
133.9369811872085
134.9420351527255
135.91041125660692
136.93207943018948
138.38512165103242
140.19072828049974
141.21308043264074
141.83017267869653
142.7611220284402
143.5780587531623
144.5318724425441
145.25891263516007
145.76237904798785
146.41020279421758
146.83051283065066
147.5478122378896
148.8538827447348
149.7195318990704
150.04358554067218
150.87490904865427
151.9038190174387
152.38717519837886
152.89273716856076
153.6254188588685
154.63184508397342
155.80569153712588
157.09454809261987
158.2948113245875
159.4216295224794
160.9032769884115
162.2644743794453
163.76372996723137
165.001560042628
165.56176941545033
166.13084632980616
167.13392958137683
168.43550029901334
169.79148061206814
170.91740389711214
172.1556066190412
173.0898777645683
173.80895464872802
174.7974229863633
175.40696192922425
175.94708839378808
176.4053271838415
177.11687241882564
178.2483681136082
179.2324817089676
179.8853842615889
180.26081176736935
180.97577676340654
181.97215534812864
183.06071488732803
184.2940076807492
185.32180048445124
186.67691089557545
187.7880757230086
188.53146454238134
189.34121694850376
190.15727568439382
191.68152834225003
192.8107651375488
193.3793040065768
194.06704171336702
194.62778738282668
195.60499739607468
196.65137483022042
197.638879715312
198.38982974733108
199.50207632282786
200.66315468510555
201.58891548818235
203.02996299436347
203.9668852695071
205.01647640566878
206.64394938765793
208.0947440306609
209.10712668411395
209.74257157191343
210.28909474488944
211.23489806876813
212.85047715460394
214.20832652030757
215.01015473612645
215.57286298170425
216.04827855177138
216.84470590828215
217.51999745878936
218.63468034782034
220.16433477446532
221.73193421185198
223.4060630547362
224.3925727427074
225.19582294616748
226.02041880617492
226.74827703937223
228.0840468300621
229.70035994146434
230.91045414211487
231.81709304227192
232.36277397809658
233.40042569200892
234.63058996920824
235.57522289024627
236.2993652611342
236.8328328474654
237.49517370937093
238.57961481078036
239.56426482777863
240.0376067018676
240.5184483052165
241.3794842330849
242.53927765968982
243.25726399096294
243.77202201368613
244.6379245881513
245.85239020113386
247.1118373550616
248.22344564374748
249.3882272730077
250.52612537575448
251.23860125206375
252.22167719492253
253.32767854975424
254.1243354063651
254.61503337993742
255.22402002310076
256.1188536975707
257.00374288685174
258.44738615881505
259.7223987941801
260.197710629241
260.86845153073557
261.9568873426407
262.7948929095912
263.4297414070883
264.7462734170348
266.60967286310074
268.3401217422469
269.2623776405959
269.58842960638157
269.92411001076425
270.40674732087524
271.6945702625171
272.73709625574236
273.28187996325045
274.40958093889503
275.3149062422333
276.1239636958876
277.4503354185583
278.6535454330202
279.26737338210825
280.0833282293647
280.9853424505271
281.86722613338475
283.34323377383373
284.71451918325454
285.4721797762013
286.440426501856
287.3781555224007
287.878368081025
288.57094883897986
289.37625324638304
290.47212946601275
291.8778695879914
293.23407718708825
294.5894125236325
296.0275196802159
297.11346373383765
297.90264927116925
299.0773740164906
300.4218258443062
301.4599249389473
302.85657308930615
304.4773867102257
305.32046752972343
305.6026304138064
306.1321777420714
306.821290812933
307.71676864204244
308.69559831222796
309.89373652114625
311.52091070270706
312.5491506856584
313.36117530974013
314.61573372777457
315.6205119122743
316.54501814384736
317.4037518315367
318.13775248471563
319.0935688694029
320.2349834000216
321.1427631653686
321.8229066863458
322.38623406467923
323.0265476929527
323.78242357445924
325.02882296633885
326.1778503038721
326.4715968338138
326.78983374943687
327.29812874705743
327.95890040396444
328.525480100678
329.60241362701413
331.1732920692041
332.32943514827105
333.21828051730654
334.10157761012215
335.02120684474494
336.37981798999135
338.1204468483804
339.46054728689376
340.83440189572195
342.63236153861266
344.3195370607622
345.86589029832487
347.41333720342215
348.5937366669013
349.9757168205408
351.7592176223057
352.7360868585713
353.50739692389743
354.2936620158695
355.03083997110696
355.8065357828537
356.1847006952094
357.2900762763523
358.51210944589536
359.6609579345636
360.8947093524254
361.6675273315838
362.96829635083304
364.679342129174
366.04518286162164
367.35851375954735
368.4123285964364
369.42665766304486
370.9312313948477
372.34783830805964
373.17052548818634
373.72001410458927
374.87161633376854
375.9696604693095
376.92542266344697
377.7267422033707
378.0638372054192
378.9116175601206
380.12243721170967
381.04383834306213
382.07023336587804
383.2464906354004
384.7651978965302
386.62065616539337
388.2454846455002
389.63269963931106
390.85644612742715
391.94064791152573
392.6781423261113
393.3221472241851
394.3223899429669
395.15479657514913
396.0473343632593
396.8187382932217
397.1556629004446
397.78420998489975
398.50837389722915
399.6359042770297
400.5749742087437
401.120317260011
402.143532073631
403.46958826413504
404.4329593662578
405.5272587889311
406.50309807557676
407.1376765671078
408.17587684795444
409.077218777977
410.231912691727
411.23063152935765
411.6619183068743
412.53667142155246
413.69035684140204
415.16826119970995
416.5923738887433
417.3847027574382
418.0728750740275
419.2494242739168
420.7322581096931
421.999552882165
422.8678935722059
423.7784512315307
424.9665654855028
426.13673229646906
427.501917806752
429.17439690885243
430.81618342367466
431.62141498284046
432.432741731679
433.8185076696368
435.40698640315566
436.82291013083676
438.0325321028255
438.9515906165393
439.3189428234233
439.70265534409634
440.37864448733524
440.9368588071951
441.93756108434974
443.7649319270039
445.12989469252284
445.92444527886187
447.027068906307
448.61070108773407
450.1784528002089
451.63056223917744
452.6477164240621
453.374619267174
454.31428047897975
455.48603187486106
456.54883098486476
457.09218642238744
457.5511538433167
458.5696143472772
459.7986938110462
460.68986080549973
461.9420636340051
463.5223500810133
464.3962270086415
465.1823496580211
466.6885547680707
467.7341295277374
468.185646670168
469.3312843162459
470.6054390638851
471.7813978397234
472.6928164870658
473.5661704973619
475.045532513191
476.07204503751507
476.8748987893327
478.109496490251
479.2714784470382
480.23062522565886
480.87957581555565
481.72201244926555
482.92818111685506
483.6671381678087
484.9003566869367
486.42664292482226
487.3987441307479
488.5262498555159
489.4455433984155
490.4313177436429
492.1597465653625
493.5264928869325
494.5674740367108
495.61398169115364
496.3141976362058
496.7267495538671
497.1582928583039
497.58175829032393
498.17633856441506
499.2915186313548
500.5620503300614
502.14133654864884
503.8799206386491
505.18424825149856
506.10904390737494
507.32700758251804
508.4130683712611
509.13550411266715
509.8220987881348
510.4791535321697
511.1062727595614
511.57057652137075
512.4241746181326
513.2498630230021
514.3622156713409
516.013056342877
517.4314088345307
518.6870114241763
519.5454393736359
520.6458734722235
522.0136998865665
522.7174401598177
523.7868560705771
525.4636554116967
526.6795524664142
527.4974468240711
528.0402631527156
528.3203055316296
529.0589547850918
529.9142569020139
530.2770821955016
530.9767574133302
531.8842568627726
532.4671175341975
532.8658702217914
533.921999245823
535.4887511567701
536.5567431101274
537.7569596780822
539.0451052779922
540.4671148116086
541.5407636108934
541.9893098511201
542.4603684627195
542.8397722824218
543.5810551891475
544.5731043802093
545.4934414856966
546.4552002456119
547.2441449413715
548.0052159106687
549.3813902368942
550.920989738148
552.4625537633212
553.5234063571623
553.9225822837989
554.8120610354538
556.2421653737179
557.5068804674676
558.3659569000133
559.6236181949517
560.9884234649594
562.4559692702077
563.7155155949929
564.3548399498029
565.3264236977228
566.3950133456688
567.0708934409153
568.1012009668639
569.2735911231064
570.3975699460598
571.5249245662687
572.4544822153298
573.2221014577284
573.9070949448333
575.2620094924305
576.7873329702536
578.0002664189327
579.0015066100945
579.6187204254051
580.562434298865
581.494793673854
582.3138340645439
583.285941479216
584.5259428414092
585.587209019028
586.0103564279971
587.1658112475325
588.2329986759635
588.8040308310353
590.1362882521163
591.2328794570406
591.6649570527964
592.5795263175839
594.1134647365324
595.3618185059827
595.8217179446847
596.2631367753161
597.3262149380434
598.3194737474823
598.7841373203869
599.2685639575162
599.6329337582814
600.3916114036463
601.7358908320873
603.2527111464307
604.2129436563689
605.1344617564037
606.0527119877511
606.3357919259287
607.1736601500754
608.6422031027028
609.8872759433044
610.55534636484
611.3188820307763
612.457345672016
613.5252582481284
614.3342733744976
614.9468423035771
615.7277717487468
616.4027343685327
616.7234326475747
617.2584831257822
618.3616957222708
619.1829866050514
619.5304148041073
620.5949197275872
622.0917942396271
622.8941322724813
623.3196236047461
624.0986898295982
625.0856210256399
626.0903227161434
627.3659699568207
628.4525045528892
629.6509572771611
631.3021880560896
632.3793394835513
632.7950823314688
633.2927647881985
634.4101509421055
635.6075995488683
636.4265303145844
637.6954414908872
639.3292949405025
640.2670686706265
641.213753336941
642.1771825833823
642.887128380785
644.291109948495
646.0777309805259
647.6428772514646
648.9999315397979
650.0008127876866
650.4602320322081
651.3764438716363
652.5020499899073
653.007065519976
653.9935076517295
655.5214585043848
656.9308531100373
658.1069464499888
658.9693083044474
660.2878113838351
661.9806493655976
663.2775671862319
664.4815943801166
666.0208146099542
667.0483518175317
667.5568562755458
668.2262956078475
668.8086987925077
669.2372055331143
669.966121266845
671.3498309766017
672.4534970875136
673.021176005969
674.0171253453557
675.198638905469
676.2721082333169
677.7158917040456
679.1312394858951
679.918922347752
680.5640149960857
681.5231317988346
682.3906174738801
683.7458540045013
685.4899188714099
686.7183115074652
687.9743346049434
688.8638374716207
689.8909055594759
691.1321660702079
691.8902182782311
692.6306579497668
693.1109835898964
693.7569853933792
695.0486249185063
696.1937230976986
697.3842844468234
698.7488498330343
699.363198608786
699.8587292822842
700.9022986189782
702.3363477680647
703.914089555462
705.1929850044886
705.893871971326
706.3118982895369
707.1246709071958
708.1564444688515
708.7075595229431
708.9788808073124
709.6377722466295
710.9150612634103
712.2589206675186
712.9893299333194
713.4844992438183
714.2349067966506
715.2939766234591
716.2134577786017
716.9800492893496
717.83359861943
718.3376488991546
719.1327796607684
720.0850873811173
720.5502652005941
721.4662050859508
722.9678415306669
724.3292256724933
725.3762509638913
726.4676986961096
727.4861914501082
728.4291428538859
729.6719217325518
730.8998499397984
732.2139405678379
733.1754659649107
734.1431491341378
735.2306967347537
735.8697535150393
736.8094301021584
737.9878233499048
739.2567367293494
740.5831636695251
741.7997708519379
742.6678490111565
743.6886914666236
745.2414032722027
746.3595104999014
746.9753892542863
747.7775950804997
748.6319491532258
749.4518890299338
750.6953482079537
751.9994540117091
753.4270771537954
754.4852801029615
754.9585079644269
755.9447177098723
757.2187793098028
758.1061388985001
759.4223012129012
760.8909064252507
761.6343542998022
762.0942666188294
762.7593796200781
763.4935420115621
763.9414249854929
764.273626287747
764.9028587590503
765.5008239868894
766.0987747009899
766.8750796223031
768.0514910907984
769.2455100738412
770.0269213150707
771.3284416498711
772.8887522432202
773.9133152488671
774.9805990712456
775.944602746132
776.9109819637209
778.6408305481293
779.9756645254838
780.4576652275141
781.3224394388
782.3349735834524
782.8903788669209
783.9858361713652
785.0764833380251
785.5205111537007
786.5754014398938
787.6942475885553
788.7069085677543
789.9224058833563
791.0374494838788
792.4385226631587
793.8947699167636
794.8174178148117
795.7339463527389
796.8632907682475
797.6149974230677
798.2905022002878
799.5254102052356
800.5791313905071
800.8615436788033
801.5590546597118
802.6883580019046
803.6080424174343
804.3757471737792
804.9410440007196
805.7761120162604
807.2704498463038
808.2550547129774
808.8126371126829
809.7053119066518
810.4604696461649
811.4830288226368
812.765045642103
813.6176140912571
814.2681246074087
814.9577767258525
816.2678275927125
817.2970844563004
818.2823123116514
819.6156686112793
820.2230947678415
820.496246431008
821.1927536628955
821.8791497361992
822.3976511181942
823.6375772204042
824.8868682865826
825.8968287011983
826.7419113860946
827.6106604662643
829.2245069818041
830.4344704778982
831.0249967760528
832.0554810745116
833.4720489983131
834.6124176882108
835.602649267335
836.5150766397696
837.1612412345814
838.2392865566685
839.8177910712991
840.8252390920486
841.3416468891173
842.4844824471195
843.6109282129879
844.2285571759135
844.9721608175815
845.515125267269
846.6152684903483
848.0359697185396
848.7232487954775
849.3934708821255
850.5207373457997
851.506153276197
852.1195275603054
852.6449714408687
853.3146878498957
854.3038985909093
855.3605530840545
856.1770935824061
856.908776862288
857.5845552635064
858.7084910095991
860.0820403124939
861.2415324922686
862.862532480382
864.7231706746427
865.8904293683543
866.3607258976996
866.8171365800714
867.6149284490805
869.0585813036196
870.6541550559007
871.6327465092273
872.7451566471409
874.0841529250454
874.8411394156558
875.7497794203973
876.8080251235724
877.8374016733412
879.4153690111544
881.0458811860774
882.1164419507443
883.3561014556356
884.6981258609208
885.800310425253
886.7025110770151
887.5255607170801
888.9431684307366
890.1358037638981
891.2484776755056
892.4351825405932
893.672891684442
894.995548307819
895.8900066368549
897.310196741621
899.1587537535584
900.6313534745559
901.6085289697801
902.6435733071432
903.9248376800089
904.7540840995489
905.1764853708421
905.8449480292443
907.2283869073815
909.0819272283948
910.495086454691
911.7227580471178
913.3707531832736
914.7836819148099
916.1812569523763
918.0842258012174
919.7623122088814
920.572918833333
920.8146657842926
921.2351398833162
922.1451190746975
923.1382873030864
924.052686001142
924.753699674746
925.0159207325796
925.8494085422157
927.0970927912962
928.1751411924042
929.1738198909688
930.065646533382
930.7181058433532
931.6649952452768
933.0802728519664
933.886763611157
934.5046365755936
935.7727731289222
936.9579938110915
937.958812297945
939.199387739817
939.9706051562409
940.9728669669362
942.7711074470287
943.8529971715029
944.5165774126936
945.2136321474638
945.5077720433932
946.2096845509568
947.218403936859
948.4336410126411
949.7234421993551
950.4394207491117
950.8536822121737
951.386950865787
952.5707888244212
953.9292331760586
954.6069766030303
955.2466881669054
956.146386826096
957.1172064794405
957.8005103559021
958.79892424431
960.2558372572545
961.0341092739682
961.8212406193111
963.1911450264473
964.8826247114603
966.0213192679801
967.2318528464496
968.5134514919187
969.5096802568598
970.5458385624147
971.1855644956881
971.6769134854753
972.3814460714149
973.5340775533369
974.3302632436148
974.6524179408943
975.6284870568347
976.8752885158106
977.5799765112149
978.2080894459592
979.5457278051965
980.9265589600354
981.677151576323
982.1717052337497
982.8256384655574
983.9890897609512
985.1781691084634
986.073545728096
986.5421094505475
987.1443085396733
987.9307852298186
989.0200269686475
990.7111799752834
991.8857827019244
993.087206339826
994.1397044313671
994.7254333931701
995.5007334962829
996.2848008152916
997.0817703250448
997.7872823483101
998.6574284874007
999.6164519745321
1000.2352920912388
1000.6128612356421
1001.5676751686246
1003.035598820328
1004.7615828139869
1005.9293277914428
1006.8545204786442
1007.9681954613252
1008.7324339844781
1009.2778736524375
1010.0433325548515
1011.4957413655015
1012.5701672294965
1013.6857765090283
1014.8957243454564
1015.5125184985634
1016.0872097072402
1016.9919876998129
1018.1672653829191
1019.4588892026218
1020.7930770661306
1021.6814565521462
1022.6427007856931
1023.8609668904826
1024.7405734297174
1025.598073757516
1026.4714052552806
1027.2465195087475
1028.636104921613
1030.0117194554682
1030.9510046986165
1032.0717887754322
1033.3251751016992
1034.4455558863951
1035.325929952916
1035.9301693889388
1037.0349222468199
1038.8798593163365
1040.7994442681718
1042.1913814058896
1042.7359014920698
1043.1142339605663
1044.1964338009689
1045.5584141122272
1046.2214822050419
1046.8237480008017
1048.236950991629
1049.4954186469427
1049.93610973599
1050.7648321825536
1051.8340975154747
1053.045859806774
1054.8598537368707
1056.480332699589
1057.2952011881657
1057.7170918851566
1058.063814412582
1058.9569748426538
1059.881331666265
1060.8523626024128
1062.139118529437
1063.565922483258
1064.9340035380144
1065.650655545614
1066.5589814018263
1067.7596002849937
1069.0538362817747
1070.6927614585604
1072.139099225757
1073.2059164934853
1074.3906929693242
1075.757746800171
1076.8465543170514
1077.5538675602972
1078.6186300453128
1080.3060789261667
1081.4578012249162
1081.8578346676354
1082.3960254790215
1083.0044030925128
1083.7135455022872
1084.8447135302335
1085.9109900575404
1086.713415791945
1087.422911305458
1088.3841637908613
1089.4062663228829
1090.2800106535337
1091.2929949899344
1092.1082489021014
1092.8747981443898
1093.9341464678514
1095.3995227319788
1096.7317887780384
1097.4654979568945
1098.3711258094781
1099.205391686102
1099.7147641026875
1100.3719244039398
1101.3669278052855
1102.3063879345577
1103.0638138505983
1104.4434328327302
1105.5780099297626
1106.4605640181376
1107.4980173492227
1108.2868994522528
1109.4478308244625
1110.751710918506
1111.4205584241563
1111.9279002741882
1112.8462238374127
1113.6676648955563
1114.2842330733263
1115.5003672007283
1116.9847000621605
1118.4711422905107
1119.429644405318
1120.0740770788802
1121.3456317976302
1122.450637019695
1123.3974614853073
1124.9746456768803
1126.2067536665218
1126.5932680817775
1126.8804740834214
1127.6082785414073
1128.292443014595
1129.3868360601264
1130.8864353843637
1131.719365343401
1132.1854521789908
1132.8452969820644
1133.743801104698
1135.1073081628324
1136.5941593470425
1137.4832504685478
1138.1242704208914
1139.3241768065398
1140.859113236806
1141.916122792879
1143.336209499477
1144.7826583627884
1145.369807705575
1146.4440204008793
1148.128371606986
1149.2371667741609
1150.2197267801853
1151.5354061686787
1152.488567384829
1152.9944277144423
1153.797206075997
1154.923023661911
1156.3203961209265
1157.395025288668
1157.7755144832379
1157.9967310135758
1158.2686300730722
1158.574447086441
1159.348587282661
1160.736099903999
1162.2769283793173
1163.305689478864
1164.0790201300379
1164.9325106582437
1166.0021487061508
1167.2970154813493
1168.6281330786621
1169.944475508544
1170.7448638281585
1171.5519731597533
1172.200593808634
1173.0716618158726
1173.9847123050176
1174.9692407764937
1176.3299939652657
1176.982398300493
1177.8494380742802
1179.5803374198097
1181.358639650275
1182.3491442937598
1183.4053525400195
1184.5776614667795
1185.4341849939437
1186.120035754815
1187.1095843552844
1188.3417513889785
1189.6030252959704
1191.4619631556066
1193.3967331912718
1194.536189474854
1195.1861797840468
1195.9264819281334
1197.0170261673502
1198.8159723934414
1200.0139358211547
1200.582996266857
1201.4687311284697
1202.4999073916256
1203.748842769755
1205.1393057975454
1206.002436358844
1206.897933465059
1207.958471741652
1208.4901695329295
1209.4884377964945
1210.5902390876213
1211.1864722765258
1211.8448479336314
1213.0388936423496
1214.6256640930537
1216.2505307059482
1218.0903179873203
1219.1869395853946
1219.6136490715107
1220.4388200179778
1221.8538398377943
1223.4158306543764
1224.773448622143
1225.576175570597
1226.367584208245
1227.590541574522
1228.3901775506265
1229.3172979502672
1230.9319803170802
1231.9646194967565
1232.2436127770857
1233.2236636943276
1234.2874672134371
1234.861508726868
1236.0725809017151
1237.4467245484698
1238.0886879777802
1238.592865130739
1239.3788250306939
1240.2809264468274
1241.0583937572458
1241.581117326646
1241.9769675025796
1242.4429197573222
1243.137041478482
1243.6873204476597
1244.300984809216
1245.319979245698
1246.5892020266524
1247.9398902194253
1249.2146125980773
1250.6891260443927
1251.8824274318795
1252.879449538318
1253.6367373414569
1254.1542622423462
1255.2193594411697
1256.1291480418017
1256.8504685126704
1258.0812900748897
1259.0700091644972
1259.5639294245439
1259.9787131640799
1260.315304200038
1261.4832135268011
1263.001794760489
1263.878810753365
1264.6644242033094
1265.9625576849398
1267.3298545375878
1268.1009416344846
1268.6560635527712
1269.2289329965738
1270.0398987873682
1270.7158360726576
1270.977158449036
1271.7666396816571
1273.2283375478955
1274.8068983127441
1275.7140446523288
1276.8255602445818
1278.011606453355
1278.6520341893875
1279.7745742678844
1281.0569550229243
1281.847629757237
1282.4038226090538
1283.7310201493806
1285.438261441256
1286.4796227858778
1287.0971911095144
1287.9326359804695
1289.3819948293276
1290.7005605399197
1291.9975835523487
1293.1692118486917
1293.5559945037767
1293.896081759062
1294.5925733257363
1295.2986048512562
1296.3405282123804
1297.395190948468
1297.9362026272452
1299.0037215128054
1300.3379805567715
1301.1481056140942
1302.3239261771114
1303.513646315026
1304.4393317258039
1305.7247203802335
1307.158695415578
1308.2776633937096
1308.8781048854812
1309.7553781122965
1311.1670006258719
1312.3764511885347
1313.2641995469999
1314.0483167499415
1314.780172043137
1315.519139736235
1315.9111016927486
1316.322527443591
1317.246410609408
1318.5064549184408
1319.9282417935542
1321.7120154152967
1323.1067684632367
1324.466211083996
1326.2042073107084
1327.240675868417
1327.6924572611467
1328.0898873702513
1328.5901354525527
1329.4336520961467
1330.1835340562934
1330.891762280869
1332.3753152035633
1333.5527775960509
1334.478454137919
1335.4469496108723
1336.1460330946943
1336.714840028927
1337.2230715484452
1338.2739918215807
1339.0751495083123
1339.6086391882118
1340.734075263828
1341.9562725883684
1342.90337629967
1343.7698018351566
1344.9134040067624
1346.621861711171
1348.0985196603845
1349.1518903199162
1350.2183871155985
1351.1170494519492
1352.0737787175158
1353.5253769423412
1355.0706887891697
1355.9469172270587
1356.6514102972242
1357.4780972219423
1357.9411029615112
1358.276384550334
1359.0856037983172
1360.2007414919676
1361.1154449938383
1361.6606984888876
1362.303769463284
1363.2199481462321
1363.8969348906305
1364.8126578818496
1365.7764751269892
1366.4409505861304
1367.1186351324927
1368.2331783133786
1369.460976797142
1370.0939156385957
1371.02799714594
1372.5998465735324
1373.6761994718772
1374.1292260537894
1374.4503913013637
1375.2444249605956
1376.2730547005344
1376.925489968253
1378.1600034930175
1379.3470732438977
1380.2225420763414
1381.7581914334864
1382.94944279716
1384.1042361974798
1385.1221940950186
1385.4149090834587
1386.0467668566407
1387.4488968050978
1388.6398376206953
1389.2889249395753
1390.202568453339
1391.5849256691986
1392.7602047151336
1393.3458390355472
1394.054251519458
1394.7565318053698
1395.2094815058613
1395.580555420192
1396.0921387453777
1396.8679005528527
1398.1612344381763
1399.255367118266
1400.1130426766372
1401.3653066005
1402.34358088287
1403.5797691343112
1404.624875884169
1405.291046450146
1406.5841346929592
1408.214273926654
1409.9798988450261
1411.226106534008
1412.167942161133
1412.9083940647724
1413.2448487206398
1414.241985642004
1415.6204758635586
1416.937048969
1418.2021386628792
1419.36312091825
1420.8278503866359
1422.515412059814
1424.008008664147
1425.6022419338933
1427.4205668581776
1429.0130422143752
1430.0332667712948
1430.8772015885775
1432.342700601008
1433.4825232088963
1434.113804399904
1434.7531013856035
1435.9263634678096
1437.5961715270848
1439.1413220420422
1440.301114162696
1441.0305901219676
1441.73309522428
1442.2510664080658
1443.2066161702605
1444.919711913461
1446.4160977968208
1447.0596168677475
1447.928300039181
1449.5446014991412
1451.1126779159624
1452.369076886345
1453.225258974967
1454.3095564363603
1455.4039805716443
1456.5726827048243
1457.9399964831746
1458.5576698578714
1459.3793365709512
1460.7088021040654
1462.019850707694
1463.075504425879
1463.7604479109277
1464.5472613912584
1465.7270471466218
1466.6108772786438
1467.3735855449243
1468.3515027706515
1469.0745161467948
1469.5513480543973
1470.4053300989915
1471.3465672490502
1471.8993726346362
1472.7359836290752
1474.0877139792492
1475.835237955842
1477.6679906205973
1479.0608470153472
1479.9933552202651
1480.8976216742926
1481.8739329628354
1482.6151326572108
1483.2691743467874
1484.0013863155948
1485.0781455038587
1485.9828551312894
1486.8257082678556
1487.7364100246923
1488.3451847101571
1489.7693853379897
1491.6039986545516
1492.613373202404
1493.2424650712192
1494.632661444423
1495.839100732469
1496.7353837713927
1498.2015728990095
1499.8066597022903
1501.0090827816975
1501.6295442890842
1502.1576052520306
1503.4768354310477
1505.1306208044507
